{
 "cells": [
  {
   "cell_type": "markdown",
   "metadata": {},
   "source": [
    "### Runs an extended Kalman filter using IHME SEIIR predictions along with measurement data of confirmed Covid-19 case counts (from New York Times data) and Facebook symptom data (loss of smell/taste, from Covid-19 Symptom Challenge) to generate updated 7-day predictions of case counts for counties in New York State.\n",
    "\n",
    "Developed by the University of Washington team of Les Atlas, Abraham Flaxman and Michael Rhoads.\n",
    "\n",
    "S - Susceptible\n",
    "E - Exposed\n",
    "I1 - Presymptomatic\n",
    "I2 - Symptomatic\n",
    "R - Recovered"
   ]
  },
  {
   "cell_type": "code",
   "execution_count": 16,
   "metadata": {},
   "outputs": [],
   "source": [
    "#%load_ext autoreload\n",
    "#%autoreload"
   ]
  },
  {
   "cell_type": "code",
   "execution_count": 17,
   "metadata": {},
   "outputs": [],
   "source": [
    "#%reset"
   ]
  },
  {
   "cell_type": "code",
   "execution_count": 18,
   "metadata": {},
   "outputs": [],
   "source": [
    "import math\n",
    "import datetime\n",
    "\n",
    "import numpy as np\n",
    "import pandas as pd\n",
    "import matplotlib\n",
    "import matplotlib.pyplot as plt\n",
    "\n",
    "import data_sets\n",
    "import seiir_compartmental"
   ]
  },
  {
   "cell_type": "code",
   "execution_count": null,
   "metadata": {},
   "outputs": [],
   "source": [
    "\n"
   ]
  },
  {
   "cell_type": "code",
   "execution_count": 19,
   "metadata": {},
   "outputs": [],
   "source": [
    "# functions to support the Kalman filtering\n",
    "def get_predicts_prior(day, seiir):\n",
    "    x_hat = np.array([[seiir['S'].loc[day]],\n",
    "                      [seiir['E'].loc[day]],\n",
    "                      [seiir['I1'].loc[day]],\n",
    "                      [seiir['I2'].loc[day]],\n",
    "                      [seiir['R'].loc[day]]])\n",
    "\n",
    "    beta_k = seiir['beta'].loc[day]\n",
    "\n",
    "    return x_hat, beta_k\n",
    "\n",
    "\n",
    "def step_seiir(x_hat, constants, beta_k, days=7):\n",
    "    s_dict = {'S': x_hat[0, 0],\n",
    "              'E': x_hat[1, 0],\n",
    "              'I1': x_hat[2, 0],\n",
    "              'I2': x_hat[3, 0],\n",
    "              'R': x_hat[4, 0]}\n",
    "\n",
    "    s = pd.Series(s_dict)\n",
    "\n",
    "    for i in range(days):\n",
    "        infectious = s.loc['I1'] + s.loc['I2']\n",
    "        s = seiir_compartmental.compartmental_covid_step(s, s.sum(),\n",
    "                                                         infectious,\n",
    "                                                         constants['alpha'],\n",
    "                                                         beta_k,\n",
    "                                                         constants['gamma1'],\n",
    "                                                         constants['gamma2'],\n",
    "                                                         constants['sigma'],\n",
    "                                                         constants['theta'])\n",
    "    x_hat_future_prior = np.array([[s.loc['S']],\n",
    "                                   [s.loc['E']],\n",
    "                                   [s.loc['I1']],\n",
    "                                   [s.loc['I2']],\n",
    "                                   [s.loc['R']]])\n",
    "\n",
    "    return x_hat_future_prior\n",
    "\n",
    "\n",
    "def predict_step(x_hat_k1_prior, P, Q, beta_k, constants):\n",
    "    S = x_hat_k1_prior[0, 0]\n",
    "    E = x_hat_k1_prior[1, 0]\n",
    "    I1 = x_hat_k1_prior[2, 0]\n",
    "    I2 = x_hat_k1_prior[3, 0]\n",
    "    R = x_hat_k1_prior[4, 0]\n",
    "    N = S + E + I1 + I2 + R\n",
    "    alpha = constants['alpha']\n",
    "    sigma = constants['sigma']\n",
    "    gamma1 = constants['gamma1']\n",
    "    gamma2 = constants['gamma2']\n",
    "\n",
    "    part_f_S = np.array([[-beta_k * math.pow(I1 + I2, alpha) / N],\n",
    "                         [beta_k * math.pow(I1 + I2, alpha) / N],\n",
    "                         [0],\n",
    "                         [0],\n",
    "                         [0]])\n",
    "\n",
    "    part_f_E = np.array([[0],\n",
    "                         [-sigma],\n",
    "                         [sigma],\n",
    "                         [0],\n",
    "                         [0]])\n",
    "\n",
    "    part_f_I1 = np.array([[-alpha * beta_k * S * math.pow(I1+I2, alpha-1) / N],\n",
    "                          [alpha * beta_k * S * math.pow(I1+I2, alpha-1) / N],\n",
    "                          [-gamma1],\n",
    "                          [gamma1],\n",
    "                          [0]])\n",
    "\n",
    "    part_f_I2 = np.array([[-alpha * beta_k * S * math.pow(I1+I2, alpha-1) / N],\n",
    "                          [alpha * beta_k * S * math.pow(I1+I2, alpha-1) / N],\n",
    "                          [0],\n",
    "                          [-gamma2],\n",
    "                          [gamma2]])\n",
    "\n",
    "    part_f_R = np.array([[0],\n",
    "                         [0],\n",
    "                         [0],\n",
    "                         [0],\n",
    "                         [0]])\n",
    "\n",
    "    # 5x5\n",
    "    f_jacob = np.concatenate([part_f_S, part_f_E, part_f_I1, part_f_I2,\n",
    "                              part_f_R], axis=1)\n",
    "\n",
    "    # 5x5\n",
    "    # P_k1_prior = f_jacob * P * f_jacob^T + Q\n",
    "    P_k1_prior = np.matmul(np.matmul(f_jacob, P), np.transpose(f_jacob)) + Q\n",
    "    return P_k1_prior\n",
    "\n",
    "\n",
    "def update_step(x_hat, x_hat_k1, P_k1, Rn, rho1, rho2, z_k):\n",
    "    # 5x5\n",
    "    ep = 10**-8\n",
    "    \n",
    "    H = np.array([[ep, 0, 0, 0, 0],\n",
    "                  [0, ep, 0, 0, 0],\n",
    "                  [0, 0, ep, rho1, 0],\n",
    "                  [0, 0, 0, rho2, 0],\n",
    "                  [0, 0, 0, 0, ep]])\n",
    "    \n",
    "    \n",
    "    # Si = H * P_k1 * H^T + Rn\n",
    "    Si = np.matmul(np.matmul(H, P_k1), np.transpose(H)) + Rn\n",
    "\n",
    "    # K_new = P_k1 * H^T * Si^(-1)\n",
    "    K_new = np.matmul(np.matmul(P_k1, np.transpose(H)), np.linalg.inv(Si))\n",
    "    y_new = np.matmul(H, x_hat)\n",
    "\n",
    "    # 5x1\n",
    "    diff = z_k - y_new\n",
    "\n",
    "    x_hat_k1_post = x_hat_k1 + np.matmul(K_new, diff)\n",
    "\n",
    "    P_k1_post = P_k1 - np.matmul(np.matmul(K_new, Si), np.transpose(K_new))\n",
    "\n",
    "\n",
    "    return x_hat_k1_post, P_k1_post, diff, K_new[3, 3]\n",
    "\n",
    "\n",
    "def get_data_sets(state, fips=None):\n",
    "    # the post hoc seiir model predictions provided by Prof Flaxman without\n",
    "    # any kalman filtering:\n",
    "    if state == 'New York':\n",
    "        filename = 'new_york'\n",
    "    elif state == 'Florida':\n",
    "        filename = 'florida'\n",
    "            \n",
    "    seiir = pd.read_csv(r'data/seiir_projections/' + filename + '_proj.csv', header=0,\n",
    "                        index_col='date', parse_dates=True)\n",
    "    \n",
    "\n",
    "    fb_data = data_sets.create_symptom_df()\n",
    "    fb_data_val = data_sets.create_symptom_df(valid=True)\n",
    "\n",
    "    if fips is None:\n",
    "        case_data = data_sets.create_case_df_state()\n",
    "        case_data_geo = case_data.loc[state]['case_rate'].copy()\n",
    "        fb_data_geo = fb_data.loc[state].groupby('date').sum().copy()\n",
    "        fb_data_val_geo = fb_data_val.loc[state].groupby('date').sum().copy()\n",
    "\n",
    "    else:\n",
    "        case_data = data_sets.create_case_df_county()\n",
    "        case_data_geo = case_data.loc[fips]['case_rate'].copy()\n",
    "        \n",
    "        if fips == 'New York City':\n",
    "            nyc_fips = ['36005', '36061', '36047', '36085']\n",
    "            fb_data_geo = fb_data.loc[(slice(None), '36081'), :].copy()\n",
    "            fb_data_geo = fb_data_geo.mean(level='date')\n",
    "            fb_data_val_geo = fb_data_val.loc[(slice(None), '36081'), :].copy()\n",
    "            fb_data_val_geo = fb_data_val.mean(level='date')\n",
    "            for borough in nyc_fips:\n",
    "                fb_data_geo += fb_data.loc[(slice(None), borough), :].copy().mean(level='date')\n",
    "                fb_data_val_geo += fb_data_val.loc[(slice(None), borough), :].copy().mean(level='date')\n",
    "        else:\n",
    "            fb_data_geo = fb_data.loc[(slice(None), fips), :].copy()\n",
    "            fb_data_val_geo = fb_data_val.loc[(slice(None), fips), :].copy()\n",
    "            # collapse down to a single index column (date)\n",
    "            fb_data_geo = fb_data_geo.mean(level='date')\n",
    "            fb_data_val_geo = fb_data_val_geo.mean(level='date')\n",
    "\n",
    "\n",
    "    return seiir, fb_data_geo, fb_data_val_geo, case_data_geo\n",
    "\n",
    "\n",
    "def calc_fb_ma7(fb_data):\n",
    "    \"\"\"\n",
    "    Returns a Pandas series\n",
    "    \"\"\"\n",
    "    # the fb_data is a DataFrame while the case_data is a Series\n",
    "    fb_ma7 = fb_data.rolling(window=7).mean()\n",
    "    fb_ma7 = fb_ma7.iloc[6:, :]\n",
    "    prop_ma7 = fb_ma7['num_stl'].div(fb_ma7['n'])\n",
    "\n",
    "    return prop_ma7, fb_ma7['n'].copy(), fb_ma7['num_stl'].copy()\n",
    "\n",
    "\n",
    "def calc_mse(prediction, actual):\n",
    "    \"\"\"\n",
    "    Inputs should be two Pandas Series of same length.\n",
    "    Outputs a float.\n",
    "    \"\"\"\n",
    "    err = prediction - actual\n",
    "    sum_sq_err = (err**2).sum()\n",
    "    mse = sum_sq_err / err.count()\n",
    "    return mse\n",
    "\n",
    "\n",
    "def get_hh_data():\n",
    "    # bring in new data\n",
    "    full_data = pd.read_csv(r'data/from_challenge/overall-county.csv', header=0, dtype={'fips': 'str', 'pct_hh_cli': 'float64'},\n",
    "                            parse_dates=[0])\n",
    "    time_start = full_data['date'].min()\n",
    "    time_end = full_data['date'].max()\n",
    "    full_data.set_index(['fips', 'date'], inplace=True)\n",
    "    full_data.sort_index(inplace=True)\n",
    "\n",
    "    # derive count of survey respondents with household members having covid symptoms\n",
    "    full_data['num_hh_cli'] = full_data['n'].mul(full_data['pct_hh_cli']/100.).round()\n",
    "    full_data['num_hh_cli'] = full_data['num_hh_cli'].astype('int64')\n",
    "\n",
    "    # group by county and date\n",
    "    data_of_interest = full_data[['n', 'num_hh_cli']].copy().groupby(level=(0, 1)).sum()\n",
    "    idx = pd.IndexSlice\n",
    "\n",
    "    # create full date range\n",
    "    date_rng = pd.date_range(time_start, time_end)\n",
    "    iterables = [data_of_interest.index.levels[0], date_rng]\n",
    "    new_index = pd.MultiIndex.from_product(iterables, names=['fips', 'date'])\n",
    "\n",
    "    data_of_interest = data_of_interest.reindex(index=new_index)\n",
    "    # this will have NaN values in the new index entries for which there was no\n",
    "    # previous data -- fill them upon extracting a particular county\n",
    "    \n",
    "    return data_of_interest\n"
   ]
  },
  {
   "cell_type": "code",
   "execution_count": null,
   "metadata": {},
   "outputs": [],
   "source": [
    "\n",
    "\n"
   ]
  },
  {
   "cell_type": "code",
   "execution_count": null,
   "metadata": {},
   "outputs": [],
   "source": []
  },
  {
   "cell_type": "code",
   "execution_count": null,
   "metadata": {},
   "outputs": [],
   "source": []
  },
  {
   "cell_type": "code",
   "execution_count": 20,
   "metadata": {},
   "outputs": [],
   "source": [
    "def run_county(the_state, county_name, measure='smell', K0=datetime.date(2020, 4, 18), delay=6):\n",
    "\n",
    "    # set constants\n",
    "    #K0 = datetime.date(2020, 4, 12)\n",
    "\n",
    "    if county_name == 'New York City':\n",
    "        the_county = county_name\n",
    "    else:\n",
    "        the_county = data_sets.get_fips(the_state, county_name)\n",
    "\n",
    "    constants = {\n",
    "        'alpha': 0.948786,\n",
    "        'gamma1': 0.500000,\n",
    "        'gamma2': 0.662215,\n",
    "        'sigma': 0.266635,\n",
    "        'theta': 6.000000\n",
    "        }\n",
    "\n",
    "    # set initial values for Kalman filter parameters\n",
    "    P_mult = 1\n",
    "    Q_mult = 1\n",
    "\n",
    "    # Rn is the R noise covariance matrix; it remains constant thru the stepping of the\n",
    "    # Kalman filter\n",
    "    Rn_mult = 5*10**-8\n",
    "\n",
    "    Rn_22 = 10000\n",
    "    Rn_32 = 1000\n",
    "\n",
    "    Rn_23 = 1000\n",
    "    Rn_33 = 100\n",
    "\n",
    "    Rn = Rn_mult * np.array([[0, 0, 0, 0, 0],\n",
    "                             [0, 0, 0, 0, 0],\n",
    "                             [0, 0, Rn_22, Rn_23, 0],\n",
    "                             [0, 0, Rn_32, Rn_33, 0],\n",
    "                             [0, 0, 0, 0, 0]])\n",
    "\n",
    "    Q = Q_mult * np.eye(5)\n",
    "    P = P_mult * np.eye(5)\n",
    "    \n",
    "    if the_county == 'New York City':\n",
    "        county_pop = 0\n",
    "        for each in ['36081', '36005', '36061', '36047', '36085']:\n",
    "            this_count, state_pop = data_sets.get_pops(each)\n",
    "            county_pop += this_count\n",
    "    else:\n",
    "        county_pop, state_pop = data_sets.get_pops(the_county)\n",
    "\n",
    "    b = county_pop / state_pop\n",
    "\n",
    "    # generate data\n",
    "    seiir, fb_data, fb_data_val, case_data = get_data_sets(\n",
    "        data_sets.STATES[the_state], fips=the_county)\n",
    "\n",
    "    if measure == 'hh':\n",
    "        print('hh')\n",
    "        data_of_interest = get_hh_data()\n",
    "        idx = pd.IndexSlice\n",
    "        hh_cli = data_of_interest.loc[idx[the_county, :], :].loc[the_county].copy()\n",
    "        hh_cli.fillna(method='pad', inplace=True)\n",
    "\n",
    "        # calculate moving averages on the fb and case data\n",
    "        hh_cli_ma7 = hh_cli.rolling(window=7).mean()\n",
    "        hh_cli_ma7 = hh_cli_ma7.iloc[6:, :]\n",
    "        num_survey_ma7 = hh_cli_ma7['num_hh_cli']\n",
    "        prop_cli_ma7 = num_survey_ma7.div(hh_cli_ma7['n'])\n",
    "        \n",
    "    elif measure == 'smell':\n",
    "        prop_ma7, n_ma7, num_survey_ma7 = calc_fb_ma7(fb_data)\n",
    "\n",
    "\n",
    "    case_ma7 = case_data.rolling(window=7).mean()\n",
    "    case_ma7_all = case_ma7.iloc[6:]\n",
    "    \n",
    "\n",
    "    # get starting compartment values for the state level\n",
    "    x_hat_state_k0, beta_k0 = get_predicts_prior(K0, seiir)\n",
    "\n",
    "    # convert to the county level\n",
    "    x_hat_k0 = b * x_hat_state_k0\n",
    "\n",
    "    I2_county = x_hat_k0[3, 0]\n",
    "\n",
    "\n",
    "    rho1 = 0.0001\n",
    "    rho2 = case_ma7_all.loc['2020-04-12'] / I2_county\n",
    "\n",
    "\n",
    "    # create empty dictionaries to hold the estimated values\n",
    "    case_est = {}\n",
    "    seiir_pred = {}\n",
    "\n",
    "    diff_rat = {}\n",
    "\n",
    "    K_val_dict = {}\n",
    "\n",
    "\n",
    "    # Original data run ----------------\n",
    "    start = K0\n",
    "    d = start\n",
    "    #while d <= datetime.date(2020, 9, 30):\n",
    "    while d <= datetime.date(2020, 10, 23):    \n",
    "\n",
    "    # each cycle of the while loop executes a step\n",
    "\n",
    "        # get state level compartments\n",
    "        x_hat_state_k, beta_k = get_predicts_prior(d, seiir)\n",
    "\n",
    "        # step the state level compartments 7 days forward\n",
    "        x_hat_state_k1 = step_seiir(x_hat_state_k, constants, beta_k)\n",
    "\n",
    "        # convert the state level compartments to county level values\n",
    "        x_hat_k = b * x_hat_state_k\n",
    "        x_hat_k1 = b * x_hat_state_k1\n",
    "\n",
    "        indexDate = d + datetime.timedelta(days=7)\n",
    "        # store seiir prediction before it's modified by Kalman filter\n",
    "        seiir_pred[indexDate] = x_hat_k1[3, 0]\n",
    "\n",
    "        # get measurements for current day\n",
    "        if measure == 'smell':\n",
    "            z_k = np.array([[0],\n",
    "                            [0],\n",
    "                            [prop_ma7.loc[d - datetime.timedelta(days=delay)]],\n",
    "                            [case_ma7_all.loc[d]],\n",
    "                            [0]])    \n",
    "\n",
    "        elif measure == 'hh':\n",
    "            z_k = np.array([[0],\n",
    "                            [0],\n",
    "                            [prop_cli_ma7.loc[d - datetime.timedelta(days=delay)]],\n",
    "                            [case_ma7_all.loc[d]],\n",
    "                            [0]])\n",
    "        \n",
    "\n",
    "        # predict step using the stepped fwd SEIIR compartment values \n",
    "        P = predict_step(x_hat_k1, P, Q, beta_k, constants)\n",
    "        print('step -----------')\n",
    "        print('P:')\n",
    "        print(P)\n",
    "\n",
    "        # update step\n",
    "        x_hat_post, P_post, the_diff, K_val = update_step(x_hat_k, x_hat_k1, P, Rn,\n",
    "                                         rho1, rho2, z_k)\n",
    "        print('P_post:')\n",
    "        print(P_post)\n",
    "\n",
    "\n",
    "        # store estimated values for proportion and case rate\n",
    "        K_val_dict[indexDate] = K_val\n",
    "        case_est[indexDate] = rho2 * x_hat_post[3, 0]\n",
    "\n",
    "\n",
    "        diff_rat[indexDate] = the_diff[2, 0] / the_diff[3, 0]\n",
    "\n",
    "        # update the P and d\n",
    "        P = P_post\n",
    "        d += datetime.timedelta(days=1)\n",
    "\n",
    "    # create pandas series of the estimated case rate\n",
    "    predicted_case = pd.Series(case_est)\n",
    "    predicted_seiir_prior = pd.Series(seiir_pred)\n",
    "    K_val_series = pd.Series(K_val_dict)\n",
    "    \n",
    "    return predicted_case, predicted_seiir_prior, case_ma7_all, num_survey_ma7, K_val_series"
   ]
  },
  {
   "cell_type": "code",
   "execution_count": null,
   "metadata": {},
   "outputs": [],
   "source": []
  },
  {
   "cell_type": "code",
   "execution_count": 21,
   "metadata": {},
   "outputs": [
    {
     "name": "stdout",
     "output_type": "stream",
     "text": [
      "hh\n",
      "step -----------\n",
      "P:\n",
      "[[ 1.11255157 -0.11255157  0.11860974  0.03848056 -0.1570903 ]\n",
      " [-0.11255157  1.18364579 -0.18970397 -0.03848056  0.1570903 ]\n",
      " [ 0.11860974 -0.18970397  1.32109422 -0.25        0.        ]\n",
      " [ 0.03848056 -0.03848056 -0.25        1.68852871 -0.43852871]\n",
      " [-0.1570903   0.1570903   0.         -0.43852871  1.43852871]]\n",
      "P_post:\n",
      "[[-2.22044605e-16  2.77555756e-16  7.07767178e-16 -5.30825384e-15\n",
      "   3.71924713e-15]\n",
      " [ 2.63677968e-16  0.00000000e+00 -8.32667268e-17  4.78783679e-16\n",
      "   8.32667268e-17]\n",
      " [ 7.07767178e-16 -5.55111512e-17  1.24102159e+00  7.48096368e-09\n",
      "   1.57805189e-16]\n",
      " [-5.32213162e-15  4.78783679e-16  7.48096374e-09 -6.66133815e-16\n",
      "   1.33226763e-15]\n",
      " [ 3.71924713e-15  8.32667268e-17  1.63574194e-16  1.27675648e-15\n",
      "  -1.11022302e-15]]\n",
      "step -----------\n",
      "P:\n",
      "[[ 1.06946180e+00 -6.94617989e-02  1.46802242e-01 -1.46802240e-01\n",
      "  -1.17203305e-09]\n",
      " [-6.94617989e-02  1.06946180e+00 -1.46802242e-01  1.46802240e-01\n",
      "   1.17203297e-09]\n",
      " [ 1.46802242e-01 -1.46802242e-01  1.31025540e+00 -3.10255396e-01\n",
      "  -2.47700310e-09]\n",
      " [-1.46802240e-01  1.46802240e-01 -3.10255396e-01  1.31025539e+00\n",
      "   2.47700347e-09]\n",
      " [-1.17203306e-09  1.17203298e-09 -2.47700312e-09  2.47700349e-09\n",
      "   1.00000000e+00]]\n",
      "P_post:\n",
      "[[-4.44089210e-16  0.00000000e+00  5.55111512e-17 -3.33066907e-16\n",
      "   1.44756607e-24]\n",
      " [ 1.38777878e-17 -2.22044605e-16 -2.22044605e-16  8.04911693e-16\n",
      "  -4.13590306e-25]\n",
      " [ 5.55111512e-17 -1.94289029e-16  1.21409046e+00  7.31862143e-09\n",
      "  -4.13590306e-25]\n",
      " [-3.33066907e-16  8.04911693e-16  7.31862138e-09  0.00000000e+00\n",
      "  -4.13590306e-25]\n",
      " [ 1.44756607e-24 -2.06795153e-25 -1.26872921e-17 -8.27180613e-25\n",
      "   3.33066907e-16]]\n",
      "step -----------\n",
      "P:\n",
      "[[ 1.06749010e+00 -6.74901014e-02  1.43125022e-01 -1.43125021e-01\n",
      "  -1.14267523e-09]\n",
      " [-6.74901014e-02  1.06749010e+00 -1.43125022e-01  1.43125021e-01\n",
      "   1.14267508e-09]\n",
      " [ 1.43125022e-01 -1.43125022e-01  1.30352261e+00 -3.03522612e-01\n",
      "  -2.42325030e-09]\n",
      " [-1.43125021e-01  1.43125021e-01 -3.03522612e-01  1.30352261e+00\n",
      "   2.42325045e-09]\n",
      " [-1.14267522e-09  1.14267507e-09 -2.42325028e-09  2.42325043e-09\n",
      "   1.00000000e+00]]\n",
      "P_post:\n",
      "[[ 2.22044605e-16 -6.93889390e-17  0.00000000e+00  2.22044605e-16\n",
      "  -2.89513214e-24]\n",
      " [-5.55111512e-17 -4.44089210e-16 -2.77555756e-17  2.77555756e-16\n",
      "  -2.27474668e-24]\n",
      " [ 0.00000000e+00 -2.77555756e-17  1.21099897e+00  7.29998578e-09\n",
      "  -4.13590306e-25]\n",
      " [ 2.22044605e-16  2.77555756e-16  7.29998578e-09  2.22044605e-16\n",
      "  -4.13590306e-25]\n",
      " [-2.68833699e-24 -2.68833699e-24  1.27772836e-17 -4.13590306e-25\n",
      "   1.11022302e-16]]\n",
      "step -----------\n",
      "P:\n",
      "[[ 1.06673324e+00 -6.67332397e-02  1.42138915e-01 -1.42138914e-01\n",
      "  -1.13480243e-09]\n",
      " [-6.67332397e-02  1.06673324e+00 -1.42138915e-01  1.42138914e-01\n",
      "   1.13480238e-09]\n",
      " [ 1.42138915e-01 -1.42138915e-01  1.30274974e+00 -3.02749740e-01\n",
      "  -2.41707999e-09]\n",
      " [-1.42138914e-01  1.42138914e-01 -3.02749740e-01  1.30274974e+00\n",
      "   2.41707995e-09]\n",
      " [-1.13480243e-09  1.13480238e-09 -2.41707999e-09  2.41707995e-09\n",
      "   1.00000000e+00]]\n",
      "P_post:\n",
      "[[ 2.22044605e-16  4.16333634e-17  5.55111512e-17 -2.49800181e-16\n",
      "  -2.27474668e-24]\n",
      " [ 1.38777878e-17  4.44089210e-16 -2.77555756e-16  1.19348975e-15\n",
      "  -3.10192730e-24]\n",
      " [ 8.32667268e-17 -3.05311332e-16  1.21079677e+00  7.29876681e-09\n",
      "  -4.13590306e-25]\n",
      " [-2.22044605e-16  1.16573418e-15  7.29876681e-09  0.00000000e+00\n",
      "   4.13590306e-25]\n",
      " [-2.27474668e-24 -3.10192730e-24 -4.13590306e-25  4.13590306e-25\n",
      "   1.11022302e-16]]\n",
      "step -----------\n",
      "P:\n",
      "[[ 1.06605668e+00 -6.60566807e-02  1.41404752e-01 -1.41404751e-01\n",
      "  -1.12894100e-09]\n",
      " [-6.60566807e-02  1.06605668e+00 -1.41404752e-01  1.41404751e-01\n",
      "   1.12894079e-09]\n",
      " [ 1.41404752e-01 -1.41404752e-01  1.30269919e+00 -3.02699190e-01\n",
      "  -2.41667622e-09]\n",
      " [-1.41404751e-01  1.41404751e-01 -3.02699190e-01  1.30269919e+00\n",
      "   2.41667643e-09]\n",
      " [-1.12894100e-09  1.12894080e-09 -2.41667623e-09  2.41667643e-09\n",
      "   1.00000000e+00]]\n",
      "P_post:\n",
      "[[ 0.00000000e+00  1.24900090e-16  8.32667268e-17 -4.71844785e-16\n",
      "  -1.86115638e-24]\n",
      " [ 1.38777878e-16  0.00000000e+00  3.33066907e-16 -1.19348975e-15\n",
      "  -2.68833699e-24]\n",
      " [ 8.32667268e-17  2.77555756e-16  1.21096776e+00  7.29979771e-09\n",
      "   0.00000000e+00]\n",
      " [-4.71844785e-16 -1.22124533e-15  7.29979771e-09  0.00000000e+00\n",
      "   0.00000000e+00]\n",
      " [-1.86115638e-24 -2.48154184e-24 -4.41098404e-18 -4.13590306e-25\n",
      "   1.11022302e-16]]\n",
      "step -----------\n",
      "P:\n",
      "[[ 1.06517546e+00 -6.51754630e-02  1.40468310e-01 -1.40468309e-01\n",
      "  -1.12146470e-09]\n",
      " [-6.51754630e-02  1.06517546e+00 -1.40468310e-01  1.40468309e-01\n",
      "   1.12146491e-09]\n",
      " [ 1.40468310e-01 -1.40468310e-01  1.30274194e+00 -3.02741937e-01\n",
      "  -2.41701798e-09]\n",
      " [-1.40468309e-01  1.40468309e-01 -3.02741937e-01  1.30274193e+00\n",
      "   2.41701777e-09]\n",
      " [-1.12146470e-09  1.12146492e-09 -2.41701799e-09  2.41701777e-09\n",
      "   1.00000000e+00]]\n",
      "P_post:\n",
      "[[ 0.00000000e+00 -1.38777878e-16  3.33066907e-16 -1.49880108e-15\n",
      "   1.86115638e-24]\n",
      " [-1.52655666e-16  0.00000000e+00  0.00000000e+00  0.00000000e+00\n",
      "  -2.06795153e-25]\n",
      " [ 3.05311332e-16  0.00000000e+00  1.21125075e+00  7.30150335e-09\n",
      "   0.00000000e+00]\n",
      " [-1.47104551e-15  0.00000000e+00  7.30150335e-09  2.22044605e-16\n",
      "   0.00000000e+00]\n",
      " [ 2.06795153e-24 -2.06795153e-25 -4.42042962e-18  4.13590306e-25\n",
      "   1.11022302e-16]]\n",
      "step -----------\n",
      "P:\n",
      "[[ 1.06432901e+00 -6.43290110e-02  1.39569483e-01 -1.39569482e-01\n",
      "  -1.11428869e-09]\n",
      " [-6.43290110e-02  1.06432901e+00 -1.39569483e-01  1.39569482e-01\n",
      "   1.11428869e-09]\n",
      " [ 1.39569483e-01 -1.39569483e-01  1.30281269e+00 -3.02812684e-01\n",
      "  -2.41758252e-09]\n",
      " [-1.39569482e-01  1.39569482e-01 -3.02812684e-01  1.30281268e+00\n",
      "   2.41758242e-09]\n",
      " [-1.11428869e-09  1.11428869e-09 -2.41758252e-09  2.41758242e-09\n",
      "   1.00000000e+00]]\n",
      "P_post:\n",
      "[[-8.88178420e-16  4.16333634e-16 -1.38777878e-16  1.94289029e-16\n",
      "   2.27474668e-24]\n",
      " [ 4.30211422e-16  0.00000000e+00  5.55111512e-17 -1.11022302e-16\n",
      "   0.00000000e+00]\n",
      " [-1.66533454e-16  2.77555756e-17  1.21153956e+00  7.30324456e-09\n",
      "  -4.13590306e-25]\n",
      " [ 1.94289029e-16 -8.32667268e-17  7.30324462e-09 -4.44089210e-16\n",
      "   4.13590306e-25]\n",
      " [ 1.86115638e-24  0.00000000e+00  6.02766512e-21  4.13590306e-25\n",
      "   1.11022302e-16]]\n",
      "step -----------\n",
      "P:\n",
      "[[ 1.06342272e+00 -6.34227246e-02  1.38599369e-01 -1.38599367e-01\n",
      "  -1.10654346e-09]\n",
      " [-6.34227246e-02  1.06342272e+00 -1.38599369e-01  1.38599367e-01\n",
      "   1.10654348e-09]\n",
      " [ 1.38599369e-01 -1.38599369e-01  1.30288489e+00 -3.02884887e-01\n",
      "  -2.41815907e-09]\n",
      " [-1.38599367e-01  1.38599367e-01 -3.02884887e-01  1.30288489e+00\n",
      "   2.41815924e-09]\n",
      " [-1.10654347e-09  1.10654349e-09 -2.41815908e-09  2.41815926e-09\n",
      "   1.00000000e+00]]\n",
      "P_post:\n",
      "[[-2.22044605e-16  2.49800181e-16 -2.77555756e-17 -1.94289029e-16\n",
      "   2.06795153e-24]\n",
      " [ 2.49800181e-16  2.22044605e-16 -2.77555756e-17  2.77555756e-17\n",
      "   2.06795153e-25]\n",
      " [ 0.00000000e+00 -2.77555756e-17  1.21184756e+00  7.30510114e-09\n",
      "   4.13590306e-25]\n",
      " [-2.22044605e-16  2.77555756e-17  7.30510114e-09  2.22044605e-16\n",
      "   0.00000000e+00]\n",
      " [ 1.86115638e-24  4.13590306e-25 -8.42997505e-18  0.00000000e+00\n",
      "  -1.11022302e-16]]\n",
      "step -----------\n",
      "P:\n",
      "[[ 1.06253494e+00 -6.25349415e-02  1.37643395e-01 -1.37643394e-01\n",
      "  -1.09891129e-09]\n",
      " [-6.25349415e-02  1.06253494e+00 -1.37643395e-01  1.37643394e-01\n",
      "   1.09891128e-09]\n",
      " [ 1.37643395e-01 -1.37643395e-01  1.30296189e+00 -3.02961888e-01\n",
      "  -2.41877377e-09]\n",
      " [-1.37643394e-01  1.37643394e-01 -3.02961888e-01  1.30296189e+00\n",
      "   2.41877368e-09]\n",
      " [-1.09891129e-09  1.09891128e-09 -2.41877377e-09  2.41877368e-09\n",
      "   1.00000000e+00]]\n",
      "P_post:\n",
      "[[-4.44089210e-16  1.38777878e-16 -2.77555756e-16  1.11022302e-15\n",
      "   2.06795153e-25]\n",
      " [ 1.38777878e-16 -2.22044605e-16  0.00000000e+00  0.00000000e+00\n",
      "   0.00000000e+00]\n",
      " [-3.05311332e-16  5.55111512e-17  1.21215346e+00  7.30694527e-09\n",
      "  -4.13590306e-25]\n",
      " [ 1.13797860e-15  0.00000000e+00  7.30694527e-09  0.00000000e+00\n",
      "   4.13590306e-25]\n",
      " [ 2.06795153e-25 -2.06795153e-25 -5.25549202e-21  1.24077092e-24\n",
      "   1.11022302e-16]]\n",
      "step -----------\n",
      "P:\n",
      "[[ 1.06170890e+00 -6.17088979e-02  1.36748541e-01 -1.36748540e-01\n",
      "  -1.09176699e-09]\n",
      " [-6.17088979e-02  1.06170890e+00 -1.36748541e-01  1.36748540e-01\n",
      "   1.09176699e-09]\n",
      " [ 1.36748541e-01 -1.36748541e-01  1.30303837e+00 -3.03038364e-01\n",
      "  -2.41938438e-09]\n",
      " [-1.36748540e-01  1.36748540e-01 -3.03038364e-01  1.30303836e+00\n",
      "   2.41938438e-09]\n",
      " [-1.09176699e-09  1.09176699e-09 -2.41938438e-09  2.41938438e-09\n",
      "   1.00000000e+00]]\n",
      "P_post:\n",
      "[[-6.66133815e-16  4.85722573e-17 -5.55111512e-17 -5.55111512e-17\n",
      "   3.30872245e-24]\n",
      " [ 4.16333634e-17  0.00000000e+00  2.77555756e-17  0.00000000e+00\n",
      "   2.06795153e-25]\n",
      " [-5.55111512e-17  0.00000000e+00  1.21244141e+00  7.30868094e-09\n",
      "  -4.13590306e-25]\n",
      " [-5.55111512e-17  0.00000000e+00  7.30868094e-09  2.22044605e-16\n",
      "   1.24077092e-24]\n",
      " [ 3.10192730e-24  2.06795153e-25  4.89773641e-21  1.24077092e-24\n",
      "   1.11022302e-16]]\n",
      "step -----------\n",
      "P:\n",
      "[[ 1.06092417e+00 -6.09241666e-02  1.35892405e-01 -1.35892404e-01\n",
      "  -1.08493182e-09]\n",
      " [-6.09241666e-02  1.06092417e+00 -1.35892405e-01  1.35892404e-01\n",
      "   1.08493182e-09]\n",
      " [ 1.35892405e-01 -1.35892405e-01  1.30311035e+00 -3.03110351e-01\n",
      "  -2.41995907e-09]\n",
      " [-1.35892404e-01  1.35892404e-01 -3.03110351e-01  1.30311035e+00\n",
      "   2.41995898e-09]\n",
      " [-1.08493182e-09  1.08493182e-09 -2.41995907e-09  2.41995898e-09\n",
      "   1.00000000e+00]]\n",
      "P_post:\n",
      "[[-4.44089210e-16  2.01227923e-16 -4.71844785e-16  1.74860126e-15\n",
      "   3.92910791e-24]\n",
      " [ 2.08166817e-16  6.66133815e-16 -2.77555756e-17  0.00000000e+00\n",
      "   2.06795153e-25]\n",
      " [-4.71844785e-16 -2.77555756e-17  1.21271518e+00  7.31033145e-09\n",
      "  -4.13590306e-25]\n",
      " [ 1.74860126e-15  0.00000000e+00  7.31033145e-09  0.00000000e+00\n",
      "   8.27180613e-25]\n",
      " [ 3.92910791e-24  4.13590306e-25 -4.13590306e-25  4.13590306e-25\n",
      "   1.11022302e-16]]\n",
      "step -----------\n",
      "P:\n",
      "[[ 1.06036908e+00 -6.03690757e-02  1.35287190e-01 -1.35287189e-01\n",
      "  -1.08009992e-09]\n",
      " [-6.03690757e-02  1.06036908e+00 -1.35287190e-01  1.35287189e-01\n",
      "   1.08009992e-09]\n",
      " [ 1.35287190e-01 -1.35287190e-01  1.30317880e+00 -3.03178794e-01\n",
      "  -2.42050557e-09]\n",
      " [-1.35287189e-01  1.35287189e-01 -3.03178794e-01  1.30317879e+00\n",
      "   2.42050557e-09]\n",
      " [-1.08009992e-09  1.08009992e-09 -2.42050557e-09  2.42050557e-09\n",
      "   1.00000000e+00]]\n"
     ]
    },
    {
     "name": "stdout",
     "output_type": "stream",
     "text": [
      "P_post:\n",
      "[[ 0.00000000e+00  2.28983499e-16 -1.66533454e-16  6.66133815e-16\n",
      "   2.89513214e-24]\n",
      " [ 2.28983499e-16  2.22044605e-16  0.00000000e+00  2.77555756e-17\n",
      "   2.06795153e-25]\n",
      " [-1.94289029e-16  0.00000000e+00  1.21291887e+00  7.31155914e-09\n",
      "  -4.13590306e-25]\n",
      " [ 6.66133815e-16  2.77555756e-17  7.31155914e-09  0.00000000e+00\n",
      "   0.00000000e+00]\n",
      " [ 2.68833699e-24  6.20385459e-25 -4.13590306e-25  0.00000000e+00\n",
      "   1.11022302e-16]]\n",
      "step -----------\n",
      "P:\n",
      "[[ 1.05994269e+00 -5.99426878e-02  1.34819896e-01 -1.34819895e-01\n",
      "  -1.07636914e-09]\n",
      " [-5.99426878e-02  1.05994269e+00 -1.34819896e-01  1.34819895e-01\n",
      "   1.07636914e-09]\n",
      " [ 1.34819896e-01 -1.34819896e-01  1.30322972e+00 -3.03229716e-01\n",
      "  -2.42091206e-09]\n",
      " [-1.34819895e-01  1.34819895e-01 -3.03229716e-01  1.30322971e+00\n",
      "   2.42091207e-09]\n",
      " [-1.07636914e-09  1.07636914e-09 -2.42091206e-09  2.42091207e-09\n",
      "   1.00000000e+00]]\n",
      "P_post:\n",
      "[[-2.22044605e-16  1.38777878e-17  8.32667268e-17 -5.82867088e-16\n",
      "  -1.24077092e-24]\n",
      " [ 2.08166817e-17  4.44089210e-16 -5.55111512e-17  0.00000000e+00\n",
      "   2.06795153e-25]\n",
      " [ 1.11022302e-16 -2.77555756e-17  1.21307463e+00  7.31249794e-09\n",
      "  -4.13590306e-25]\n",
      " [-6.38378239e-16  2.77555756e-17  7.31249794e-09  0.00000000e+00\n",
      "   0.00000000e+00]\n",
      " [-1.44756607e-24  4.13590306e-25 -4.13590306e-25  0.00000000e+00\n",
      "   1.11022302e-16]]\n",
      "step -----------\n",
      "P:\n",
      "[[ 1.05971708e+00 -5.97170820e-02  1.34574586e-01 -1.34574585e-01\n",
      "  -1.07441063e-09]\n",
      " [-5.97170820e-02  1.05971708e+00 -1.34574586e-01  1.34574585e-01\n",
      "   1.07441063e-09]\n",
      " [ 1.34574586e-01 -1.34574586e-01  1.30326866e+00 -3.03268654e-01\n",
      "  -2.42122291e-09]\n",
      " [-1.34574585e-01  1.34574585e-01 -3.03268654e-01  1.30326865e+00\n",
      "   2.42122291e-09]\n",
      " [-1.07441063e-09  1.07441063e-09 -2.42122291e-09  2.42122291e-09\n",
      "   1.00000000e+00]]\n",
      "P_post:\n",
      "[[-2.22044605e-16  6.93889390e-18 -1.94289029e-16  9.15933995e-16\n",
      "   2.48154184e-24]\n",
      " [ 0.00000000e+00 -4.44089210e-16 -4.44089210e-16  2.19269047e-15\n",
      "   2.68833699e-24]\n",
      " [-1.94289029e-16 -4.44089210e-16  1.21316374e+00  7.31303501e-09\n",
      "  -4.13590306e-25]\n",
      " [ 9.43689571e-16  2.22044605e-15  7.31303501e-09  0.00000000e+00\n",
      "   0.00000000e+00]\n",
      " [ 2.27474668e-24  2.48154184e-24  4.42956004e-18 -4.13590306e-25\n",
      "   1.11022302e-16]]\n",
      "step -----------\n",
      "P:\n",
      "[[ 1.05972433e+00 -5.97243300e-02  1.34587696e-01 -1.34587695e-01\n",
      "  -1.07451528e-09]\n",
      " [-5.97243300e-02  1.05972433e+00 -1.34587696e-01  1.34587695e-01\n",
      "   1.07451490e-09]\n",
      " [ 1.34587696e-01 -1.34587696e-01  1.30329093e+00 -3.03290932e-01\n",
      "  -2.42140035e-09]\n",
      " [-1.34587695e-01  1.34587695e-01 -3.03290932e-01  1.30329093e+00\n",
      "   2.42140074e-09]\n",
      " [-1.07451528e-09  1.07451489e-09 -2.42140035e-09  2.42140074e-09\n",
      "   1.00000000e+00]]\n",
      "P_post:\n",
      "[[ 2.22044605e-16  1.45716772e-16 -2.77555756e-17  5.55111512e-17\n",
      "  -1.03397577e-24]\n",
      " [ 1.45716772e-16  0.00000000e+00  2.22044605e-16 -9.99200722e-16\n",
      "  -6.20385459e-25]\n",
      " [-2.77555756e-17  2.22044605e-16  1.21317389e+00  7.31309646e-09\n",
      "  -4.13590306e-25]\n",
      " [ 5.55111512e-17 -9.71445147e-16  7.31309646e-09  0.00000000e+00\n",
      "  -8.27180613e-25]\n",
      " [-1.24077092e-24 -6.20385459e-25  4.44084195e-18 -8.27180613e-25\n",
      "   1.11022302e-16]]\n",
      "step -----------\n",
      "P:\n",
      "[[ 1.06008348e+00 -6.00834817e-02  1.34992325e-01 -1.34992324e-01\n",
      "  -1.07774578e-09]\n",
      " [-6.00834817e-02  1.06008348e+00 -1.34992325e-01  1.34992324e-01\n",
      "   1.07774596e-09]\n",
      " [ 1.34992325e-01 -1.34992325e-01  1.30329347e+00 -3.03293470e-01\n",
      "  -2.42142126e-09]\n",
      " [-1.34992324e-01  1.34992324e-01 -3.03293470e-01  1.30329347e+00\n",
      "   2.42142109e-09]\n",
      " [-1.07774578e-09  1.07774595e-09 -2.42142126e-09  2.42142109e-09\n",
      "   1.00000000e+00]]\n",
      "P_post:\n",
      "[[ 6.66133815e-16 -6.93889390e-18  5.55111512e-17 -8.32667268e-17\n",
      "  -1.65436123e-24]\n",
      " [-6.93889390e-18  2.22044605e-16 -2.77555756e-17  2.77555756e-17\n",
      "   0.00000000e+00]\n",
      " [ 2.77555756e-17 -2.77555756e-17  1.21306772e+00  7.31245631e-09\n",
      "  -4.13590306e-25]\n",
      " [-8.32667268e-17  2.77555756e-17  7.31245631e-09  0.00000000e+00\n",
      "   1.24077092e-24]\n",
      " [-1.86115638e-24  2.06795153e-25  4.43603190e-18  8.27180613e-25\n",
      "   1.11022302e-16]]\n",
      "step -----------\n",
      "P:\n",
      "[[ 1.06067618e+00 -6.06761774e-02  1.35650573e-01 -1.35650572e-01\n",
      "  -1.08300105e-09]\n",
      " [-6.06761774e-02  1.06067618e+00 -1.35650573e-01  1.35650572e-01\n",
      "   1.08300105e-09]\n",
      " [ 1.35650573e-01 -1.35650573e-01  1.30326693e+00 -3.03266927e-01\n",
      "  -2.42120912e-09]\n",
      " [-1.35650572e-01  1.35650572e-01 -3.03266927e-01  1.30326693e+00\n",
      "   2.42120913e-09]\n",
      " [-1.08300105e-09  1.08300105e-09 -2.42120912e-09  2.42120913e-09\n",
      "   1.00000000e+00]]\n",
      "P_post:\n",
      "[[ 2.22044605e-16 -1.66533454e-16  1.38777878e-16 -4.99600361e-16\n",
      "   1.03397577e-24]\n",
      " [-1.66533454e-16 -4.44089210e-16  1.38777878e-16 -6.38378239e-16\n",
      "  -1.44756607e-24]\n",
      " [ 1.38777878e-16  1.94289029e-16  1.21287577e+00  7.31129929e-09\n",
      "  -4.13590306e-25]\n",
      " [-4.99600361e-16 -6.66133815e-16  7.31129929e-09  0.00000000e+00\n",
      "   1.65436123e-24]\n",
      " [ 8.27180613e-25 -1.65436123e-24 -4.13590306e-25  1.65436123e-24\n",
      "   1.11022302e-16]]\n",
      "step -----------\n",
      "P:\n",
      "[[ 1.06157947e+00 -6.15794666e-02  1.36645749e-01 -1.36645748e-01\n",
      "  -1.09094630e-09]\n",
      " [-6.15794666e-02  1.06157947e+00 -1.36645749e-01  1.36645748e-01\n",
      "   1.09094642e-09]\n",
      " [ 1.36645749e-01 -1.36645749e-01  1.30321894e+00 -3.03218940e-01\n",
      "  -2.42082614e-09]\n",
      " [-1.36645748e-01  1.36645748e-01 -3.03218940e-01  1.30321894e+00\n",
      "   2.42082603e-09]\n",
      " [-1.09094630e-09  1.09094642e-09 -2.42082615e-09  2.42082603e-09\n",
      "   1.00000000e+00]]\n",
      "P_post:\n",
      "[[ 0.00000000e+00 -1.59594560e-16  2.49800181e-16 -1.33226763e-15\n",
      "   0.00000000e+00]\n",
      " [-1.59594560e-16  0.00000000e+00  0.00000000e+00  5.55111512e-17\n",
      "   2.06795153e-25]\n",
      " [ 2.77555756e-16 -2.77555756e-17  1.21257967e+00  7.30951427e-09\n",
      "  -8.27180613e-25]\n",
      " [-1.30451205e-15  5.55111512e-17  7.30951433e-09  2.22044605e-16\n",
      "   8.27180613e-25]\n",
      " [-2.06795153e-25  2.06795153e-25 -4.43130208e-18  1.24077092e-24\n",
      "   1.11022302e-16]]\n",
      "step -----------\n",
      "P:\n",
      "[[ 1.06269368e+00 -6.26936767e-02  1.37859601e-01 -1.37859599e-01\n",
      "  -1.10063741e-09]\n",
      " [-6.26936767e-02  1.06269368e+00 -1.37859601e-01  1.37859599e-01\n",
      "   1.10063740e-09]\n",
      " [ 1.37859601e-01 -1.37859601e-01  1.30314492e+00 -3.03144915e-01\n",
      "  -2.42023499e-09]\n",
      " [-1.37859599e-01  1.37859599e-01 -3.03144915e-01  1.30314491e+00\n",
      "   2.42023490e-09]\n",
      " [-1.10063742e-09  1.10063741e-09 -2.42023501e-09  2.42023492e-09\n",
      "   1.00000000e+00]]\n",
      "P_post:\n",
      "[[ 6.66133815e-16 -1.38777878e-16  2.22044605e-16 -7.49400542e-16\n",
      "  -3.51551760e-24]\n",
      " [-1.38777878e-16 -4.44089210e-16 -8.32667268e-17  6.38378239e-16\n",
      "  -6.20385459e-25]\n",
      " [ 2.22044605e-16 -8.32667268e-17  1.21220726e+00  7.30726935e-09\n",
      "  -1.24077092e-24]\n",
      " [-7.21644966e-16  6.38378239e-16  7.30726929e-09  0.00000000e+00\n",
      "   1.24077092e-24]\n",
