{
 "cells": [
  {
   "cell_type": "markdown",
   "metadata": {},
   "source": [
    "Runs an extended Kalman filter on Prof Flaxman's SEIIR predictions and\n",
    "measurement data for New York State from mid-April to 7 July 2020.\n",
    "\n",
    "S - Susceptible\n",
    "E - Exposed\n",
    "I1 - Presymptomatic\n",
    "I2 - Symptomatic\n",
    "R - Recovered"
   ]
  },
  {
   "cell_type": "code",
   "execution_count": 1,
   "metadata": {},
   "outputs": [],
   "source": [
    "#%load_ext autoreload\n",
    "#%autoreload"
   ]
  },
  {
   "cell_type": "code",
   "execution_count": 2,
   "metadata": {},
   "outputs": [],
   "source": [
    "#%reset"
   ]
  },
  {
   "cell_type": "code",
   "execution_count": 3,
   "metadata": {},
   "outputs": [],
   "source": [
    "import math\n",
    "import datetime\n",
    "\n",
    "import numpy as np\n",
    "import pandas as pd\n",
    "import matplotlib\n",
    "import matplotlib.pyplot as plt\n",
    "\n",
    "import data_sets\n",
    "import seiir_compartmental"
   ]
  },
  {
   "cell_type": "code",
   "execution_count": null,
   "metadata": {},
   "outputs": [],
   "source": [
    "\n"
   ]
  },
  {
   "cell_type": "code",
   "execution_count": 4,
   "metadata": {},
   "outputs": [],
   "source": [
    "# functions to support the Kalman filtering\n",
    "def get_predicts_prior(day, seiir):\n",
    "    x_hat = np.array([[seiir['S'].loc[day]],\n",
    "                      [seiir['E'].loc[day]],\n",
    "                      [seiir['I1'].loc[day]],\n",
    "                      [seiir['I2'].loc[day]],\n",
    "                      [seiir['R'].loc[day]]])\n",
    "\n",
    "    beta_k = seiir['beta_pred'].loc[day]\n",
    "\n",
    "    return x_hat, beta_k\n",
    "\n",
    "\n",
    "def step_seiir(x_hat, constants, beta_k, days=7):\n",
    "    s_dict = {'S': x_hat[0, 0],\n",
    "              'E': x_hat[1, 0],\n",
    "              'I1': x_hat[2, 0],\n",
    "              'I2': x_hat[3, 0],\n",
    "              'R': x_hat[4, 0]}\n",
    "\n",
    "    s = pd.Series(s_dict)\n",
    "\n",
    "    for i in range(days):\n",
    "        infectious = s.loc['I1'] + s.loc['I2']\n",
    "        s = seiir_compartmental.compartmental_covid_step(s, s.sum(),\n",
    "                                                         infectious,\n",
    "                                                         constants['alpha'],\n",
    "                                                         beta_k,\n",
    "                                                         constants['gamma1'],\n",
    "                                                         constants['gamma2'],\n",
    "                                                         constants['sigma'],\n",
    "                                                         constants['theta'])\n",
    "    x_hat_future_prior = np.array([[s.loc['S']],\n",
    "                                   [s.loc['E']],\n",
    "                                   [s.loc['I1']],\n",
    "                                   [s.loc['I2']],\n",
    "                                   [s.loc['R']]])\n",
    "\n",
    "    return x_hat_future_prior\n",
    "\n",
    "\n",
    "def predict_step(x_hat_k1_prior, P, Q, beta_k, constants):\n",
    "    S = x_hat_k1_prior[0, 0]\n",
    "    E = x_hat_k1_prior[1, 0]\n",
    "    I1 = x_hat_k1_prior[2, 0]\n",
    "    I2 = x_hat_k1_prior[3, 0]\n",
    "    R = x_hat_k1_prior[4, 0]\n",
    "    N = S + E + I1 + I2 + R\n",
    "    alpha = constants['alpha']\n",
    "    sigma = constants['sigma']\n",
    "    gamma1 = constants['gamma1']\n",
    "    gamma2 = constants['gamma2']\n",
    "\n",
    "    part_f_S = np.array([[-beta_k * math.pow(I1 + I2, alpha) / N],\n",
    "                         [beta_k * math.pow(I1 + I2, alpha) / N],\n",
    "                         [0],\n",
    "                         [0],\n",
    "                         [0]])\n",
    "\n",
    "    part_f_E = np.array([[0],\n",
    "                         [-sigma],\n",
    "                         [sigma],\n",
    "                         [0],\n",
    "                         [0]])\n",
    "\n",
    "    part_f_I1 = np.array([[-alpha * beta_k * S * math.pow(I1+I2, alpha-1) / N],\n",
    "                          [alpha * beta_k * S * math.pow(I1+I2, alpha-1) / N],\n",
    "                          [-gamma1],\n",
    "                          [gamma1],\n",
    "                          [0]])\n",
    "\n",
    "    part_f_I2 = np.array([[-alpha * beta_k * S * math.pow(I1+I2, alpha-1) / N],\n",
    "                          [alpha * beta_k * S * math.pow(I1+I2, alpha-1) / N],\n",
    "                          [0],\n",
    "                          [-gamma2],\n",
    "                          [gamma2]])\n",
    "\n",
    "    part_f_R = np.array([[0],\n",
    "                         [0],\n",
    "                         [0],\n",
    "                         [0],\n",
    "                         [0]])\n",
    "\n",
    "    # 5x5\n",
    "    f_jacob = np.concatenate([part_f_S, part_f_E, part_f_I1, part_f_I2,\n",
    "                              part_f_R], axis=1)\n",
    "\n",
    "    # 5x5\n",
    "    # P_k1_prior = f_jacob * P * f_jacob^T + Q\n",
    "    P_k1_prior = np.matmul(np.matmul(f_jacob, P), np.transpose(f_jacob)) + Q\n",
    "    return P_k1_prior\n",
    "\n",
    "\n",
    "def update_step(x_hat, x_hat_k1, P_k1, Rn, rho1, rho2, z_k):\n",
    "    # 5x5\n",
    "    ep = 10**-8\n",
    "    \n",
    "    H = np.array([[ep, 0, 0, 0, 0],\n",
    "                  [0, ep, 0, 0, 0],\n",
    "                  [0, 0, ep, rho1, 0],\n",
    "                  [0, 0, 0, rho2, 0],\n",
    "                  [0, 0, 0, 0, ep]])\n",
    "    \n",
    "    \n",
    "    # Si = H * P_k1 * H^T + Rn\n",
    "    Si = np.matmul(np.matmul(H, P_k1), np.transpose(H)) + Rn\n",
    "\n",
    "    # K_new = P_k1 * H^T * Si^(-1)\n",
    "    K_new = np.matmul(np.matmul(P_k1, np.transpose(H)), np.linalg.inv(Si))\n",
    "    y_new = np.matmul(H, x_hat)\n",
    "\n",
    "    # 5x1\n",
    "    diff = z_k - y_new\n",
    "\n",
    "    x_hat_k1_post = x_hat_k1 + np.matmul(K_new, diff)\n",
    "\n",
    "    P_k1_post = P_k1 - np.matmul(np.matmul(K_new, Si), np.transpose(K_new))\n",
    "\n",
    "\n",
    "    return x_hat_k1_post, P_k1_post\n",
    "\n",
    "\n",
    "def get_data_sets(state, fips=None):\n",
    "    # the post hoc seiir model predictions provided by Prof Flaxman without\n",
    "    # any kalman filtering:\n",
    "    seiir = pd.read_csv(r'data/seiir_compartments_post-hoc_ny_state.csv', header=0,\n",
    "                        index_col='date', parse_dates=True)\n",
    "    \n",
    "\n",
    "    fb_data = data_sets.create_symptom_df()\n",
    "    fb_data_val = data_sets.create_symptom_df(valid=True)\n",
    "\n",
    "    if fips is None:\n",
    "        case_data = data_sets.create_case_df_state()\n",
    "        case_data_geo = case_data.loc[state]['case_rate'].copy()\n",
    "        fb_data_geo = fb_data.loc[state].groupby('date').sum().copy()\n",
    "        fb_data_val_geo = fb_data_val.loc[state].groupby('date').sum().copy()\n",
    "\n",
    "    else:\n",
    "        case_data = data_sets.create_case_df_county()\n",
    "        case_data_geo = case_data.loc[fips]['case_rate'].copy()\n",
    "        \n",
    "        if fips == 'New York City':\n",
    "            nyc_fips = ['36005', '36061', '36047', '36085']\n",
    "            fb_data_geo = fb_data.loc[(slice(None), '36081'), :].copy()\n",
    "            fb_data_geo = fb_data_geo.mean(level='date')\n",
    "            fb_data_val_geo = fb_data_val.loc[(slice(None), '36081'), :].copy()\n",
    "            fb_data_val_geo = fb_data_val.mean(level='date')\n",
    "            for borough in nyc_fips:\n",
    "                fb_data_geo += fb_data.loc[(slice(None), borough), :].copy().mean(level='date')\n",
    "                fb_data_val_geo += fb_data_val.loc[(slice(None), borough), :].copy().mean(level='date')\n",
    "        else:\n",
    "            fb_data_geo = fb_data.loc[(slice(None), fips), :].copy()\n",
    "            fb_data_val_geo = fb_data_val.loc[(slice(None), fips), :].copy()\n",
    "            # collapse down to a single index column (date)\n",
    "            fb_data_geo = fb_data_geo.mean(level='date')\n",
    "            fb_data_val_geo = fb_data_val_geo.mean(level='date')\n",
    "\n",
    "\n",
    "    return seiir, fb_data_geo, fb_data_val_geo, case_data_geo\n",
    "\n",
    "\n",
    "def calc_fb_ma7(fb_data):\n",
    "    \"\"\"\n",
    "    Returns a Pandas series\n",
    "    \"\"\"\n",
    "    # the fb_data is a DataFrame while the case_data is a Series\n",
    "    fb_ma7 = fb_data.rolling(window=7).mean()\n",
    "    fb_ma7 = fb_ma7.iloc[6:, :]\n",
    "    prop_ma7 = fb_ma7['num_stl'].div(fb_ma7['n'])\n",
    "\n",
    "    return prop_ma7, fb_ma7['n'].copy(), fb_ma7['num_stl'].copy()"
   ]
  },
  {
   "cell_type": "code",
   "execution_count": null,
   "metadata": {},
   "outputs": [],
   "source": []
  },
  {
   "cell_type": "code",
   "execution_count": 5,
   "metadata": {},
   "outputs": [
    {
     "name": "stdout",
     "output_type": "stream",
     "text": [
      "step -----------\n",
      "P:\n",
      "[[ 1.13635039 -0.13635039  0.13054686  0.04235332 -0.17290017]\n",
      " [-0.13635039  1.20744462 -0.20164108 -0.04235332  0.17290017]\n",
      " [ 0.13054686 -0.20164108  1.32109422 -0.25        0.        ]\n",
      " [ 0.04235332 -0.04235332 -0.25        1.68852871 -0.43852871]\n",
      " [-0.17290017  0.17290017  0.         -0.43852871  1.43852871]]\n",
      "P_post:\n",
      "[[-8.88178420e-16  3.05311332e-16  7.77156117e-16 -5.66907632e-15\n",
      "   2.49800181e-15]\n",
      " [ 3.05311332e-16  0.00000000e+00 -8.32667268e-17  6.86950496e-16\n",
      "  -2.77555756e-16]\n",
      " [ 7.49400542e-16 -8.32667268e-17  1.23635367e+00  9.40293877e-08\n",
      "   9.69574669e-17]\n",
      " [-5.64825964e-15  6.73072709e-16  9.40293877e-08  7.10542736e-15\n",
      "   1.22124533e-15]\n",
      " [ 2.49800181e-15 -2.77555756e-16  9.60968151e-17  1.27675648e-15\n",
      "  -2.22044605e-16]]\n",
      "step -----------\n",
      "P:\n",
      "[[ 1.08320297e+00 -8.32029669e-02  1.60365437e-01 -1.60365421e-01\n",
      "  -1.61532780e-08]\n",
      " [-8.32029669e-02  1.08320297e+00 -1.60365437e-01  1.60365421e-01\n",
      "   1.61532779e-08]\n",
      " [ 1.60365437e-01 -1.60365437e-01  1.30908842e+00 -3.09088386e-01\n",
      "  -3.11338354e-08]\n",
      " [-1.60365421e-01  1.60365421e-01 -3.09088386e-01  1.30908835e+00\n",
      "   3.11338324e-08]\n",
      " [-1.61532780e-08  1.61532779e-08 -3.11338354e-08  3.11338324e-08\n",
      "   1.00000000e+00]]\n",
      "P_post:\n",
      "[[ 6.66133815e-16 -1.80411242e-16  2.77555756e-17  3.88578059e-16\n",
      "  -1.65436123e-23]\n",
      " [-1.38777878e-16  0.00000000e+00 -2.49800181e-16  8.60422844e-16\n",
      "   1.65436123e-23]\n",
      " [-2.77555756e-17 -2.49800181e-16  1.20948123e+00  9.19856374e-08\n",
      "  -1.32348898e-23]\n",
      " [ 3.88578059e-16  8.88178420e-16  9.19856375e-08  7.10542736e-15\n",
      "   3.97046694e-23]\n",
      " [-1.32348898e-23  1.98523347e-23 -2.17484974e-18  2.64697796e-23\n",
      "   0.00000000e+00]]\n",
      "step -----------\n",
      "P:\n",
      "[[ 1.08056230e+00 -8.05622962e-02  1.56075771e-01 -1.56075755e-01\n",
      "  -1.57211890e-08]\n",
      " [-8.05622962e-02  1.08056230e+00 -1.56075771e-01  1.56075755e-01\n",
      "   1.57211888e-08]\n",
      " [ 1.56075771e-01 -1.56075771e-01  1.30237031e+00 -3.02370277e-01\n",
      "  -3.04571343e-08]\n",
      " [-1.56075755e-01  1.56075755e-01 -3.02370277e-01  1.30237025e+00\n",
      "   3.04571313e-08]\n",
      " [-1.57211890e-08  1.57211888e-08 -3.04571343e-08  3.04571314e-08\n",
      "   1.00000000e+00]]\n",
      "P_post:\n",
      "[[-4.44089210e-16 -1.11022302e-16  0.00000000e+00 -1.11022302e-16\n",
      "  -2.97785021e-23]\n",
      " [-9.71445147e-17 -8.88178420e-16  2.22044605e-16 -9.71445147e-16\n",
      "  -3.30872245e-24]\n",
      " [ 0.00000000e+00  1.94289029e-16  1.20660835e+00  9.17671442e-08\n",
      "   0.00000000e+00]\n",
      " [-1.38777878e-16 -9.71445147e-16  9.17671441e-08  7.10542736e-15\n",
      "  -6.61744490e-24]\n",
      " [-2.64697796e-23 -3.30872245e-24 -8.18094199e-18 -1.32348898e-23\n",
      "   0.00000000e+00]]\n",
      "step -----------\n",
      "P:\n",
      "[[ 1.07984291e+00 -7.98429132e-02  1.55192723e-01 -1.55192708e-01\n",
      "  -1.56322415e-08]\n",
      " [-7.98429132e-02  1.07984291e+00 -1.55192723e-01  1.55192708e-01\n",
      "   1.56322416e-08]\n",
      " [ 1.55192723e-01 -1.55192723e-01  1.30165209e+00 -3.01652057e-01\n",
      "  -3.03847899e-08]\n",
      " [-1.55192708e-01  1.55192708e-01 -3.01652057e-01  1.30165203e+00\n",
      "   3.03847866e-08]\n",
      " [-1.56322415e-08  1.56322416e-08 -3.03847898e-08  3.03847866e-08\n",
      "   1.00000000e+00]]\n",
      "P_post:\n",
      "[[ 2.22044605e-16  1.52655666e-16 -1.38777878e-16  4.99600361e-16\n",
      "   2.97785021e-23]\n",
      " [ 1.66533454e-16  0.00000000e+00  2.77555756e-17 -1.38777878e-16\n",
      "   0.00000000e+00]\n",
      " [-1.11022302e-16  2.77555756e-17  1.20642183e+00  9.17529586e-08\n",
      "   6.61744490e-24]\n",
      " [ 4.71844785e-16 -8.32667268e-17  9.17529585e-08  6.43929354e-15\n",
      "  -6.61744490e-24]\n",
      " [ 2.97785021e-23  0.00000000e+00  1.25668852e-17 -6.61744490e-24\n",
      "   0.00000000e+00]]\n",
      "step -----------\n",
      "P:\n",
      "[[ 1.07933987e+00 -7.93398655e-02  1.54691100e-01 -1.54691084e-01\n",
      "  -1.55817139e-08]\n",
      " [-7.93398655e-02  1.07933987e+00 -1.54691100e-01  1.54691084e-01\n",
      "   1.55817139e-08]\n",
      " [ 1.54691100e-01 -1.54691100e-01  1.30160546e+00 -3.01605427e-01\n",
      "  -3.03800928e-08]\n",
      " [-1.54691084e-01  1.54691084e-01 -3.01605427e-01  1.30160540e+00\n",
      "   3.03800899e-08]\n",
      " [-1.55817139e-08  1.55817139e-08 -3.03800927e-08  3.03800899e-08\n",
      "   1.00000000e+00]]\n",
      "P_post:\n",
      "[[ 6.66133815e-16 -1.66533454e-16  3.33066907e-16 -1.33226763e-15\n",
      "   1.32348898e-23]\n",
      " [-1.80411242e-16  4.44089210e-16  0.00000000e+00 -5.55111512e-17\n",
      "   3.30872245e-24]\n",
      " [ 3.33066907e-16  2.77555756e-17  1.20653871e+00  9.17618475e-08\n",
      "   0.00000000e+00]\n",
      " [-1.33226763e-15 -8.32667268e-17  9.17618473e-08  6.88338275e-15\n",
      "  -6.61744490e-24]\n",
      " [ 1.32348898e-23  0.00000000e+00  2.13397576e-17  0.00000000e+00\n",
      "   0.00000000e+00]]\n",
      "step -----------\n",
      "P:\n",
      "[[ 1.07875930e+00 -7.87593047e-02  1.54131559e-01 -1.54131543e-01\n",
      "  -1.55253525e-08]\n",
      " [-7.87593047e-02  1.07875930e+00 -1.54131559e-01  1.54131543e-01\n",
      "   1.55253525e-08]\n",
      " [ 1.54131559e-01 -1.54131559e-01  1.30163468e+00 -3.01634646e-01\n",
      "  -3.03830359e-08]\n",
      " [-1.54131543e-01  1.54131543e-01 -3.01634646e-01  1.30163462e+00\n",
      "   3.03830329e-08]\n",
      " [-1.55253525e-08  1.55253525e-08 -3.03830359e-08  3.03830328e-08\n",
      "   1.00000000e+00]]\n",
      "P_post:\n",
      "[[ 4.44089210e-16  1.52655666e-16  3.05311332e-16 -1.58206781e-15\n",
      "  -1.32348898e-23]\n",
      " [ 1.52655666e-16  2.22044605e-16  8.32667268e-17 -2.77555756e-17\n",
      "   0.00000000e+00]\n",
      " [ 3.05311332e-16  5.55111512e-17  1.20671895e+00  9.17755555e-08\n",
      "   6.61744490e-24]\n",
      " [-1.58206781e-15 -2.77555756e-17  9.17755554e-08  6.43929354e-15\n",
      "  -1.98523347e-23]\n",
      " [-1.32348898e-23  0.00000000e+00  3.34062449e-17 -1.98523347e-23\n",
      "   0.00000000e+00]]\n",
      "step -----------\n",
      "P:\n",
      "[[ 1.07824097e+00 -7.82409704e-02  1.53635007e-01 -1.53634992e-01\n",
      "  -1.54753358e-08]\n",
      " [-7.82409704e-02  1.07824097e+00 -1.53635007e-01  1.53634992e-01\n",
      "   1.54753358e-08]\n",
      " [ 1.53635007e-01 -1.53635007e-01  1.30167974e+00 -3.01679707e-01\n",
      "  -3.03875747e-08]\n",
      " [-1.53634992e-01  1.53634992e-01 -3.01679707e-01  1.30167968e+00\n",
      "   3.03875719e-08]\n",
      " [-1.54753358e-08  1.54753358e-08 -3.03875747e-08  3.03875719e-08\n",
      "   1.00000000e+00]]\n",
      "P_post:\n",
      "[[ 0.00000000e+00  5.55111512e-17 -2.22044605e-16  1.02695630e-15\n",
      "   1.32348898e-23]\n",
      " [ 5.55111512e-17  0.00000000e+00  5.55111512e-17 -1.38777878e-16\n",
      "  -6.61744490e-24]\n",
      " [-1.94289029e-16  5.55111512e-17  1.20689043e+00  9.17885974e-08\n",
      "   6.61744490e-24]\n",
      " [ 9.99200722e-16 -1.11022302e-16  9.17885973e-08  6.43929354e-15\n",
      "  -2.64697796e-23]\n",
      " [ 1.32348898e-23 -9.92616735e-24  1.26050215e-17 -3.30872245e-23\n",
      "   0.00000000e+00]]\n",
      "step -----------\n",
      "P:\n",
      "[[ 1.07779233e+00 -7.77923299e-02  1.53204780e-01 -1.53204765e-01\n",
      "  -1.54319999e-08]\n",
      " [-7.77923299e-02  1.07779233e+00 -1.53204780e-01  1.53204765e-01\n",
      "   1.54320000e-08]\n",
      " [ 1.53204780e-01 -1.53204780e-01  1.30172261e+00 -3.01722577e-01\n",
      "  -3.03918930e-08]\n",
      " [-1.53204765e-01  1.53204765e-01 -3.01722577e-01  1.30172255e+00\n",
      "   3.03918902e-08]\n",
      " [-1.54319999e-08  1.54319999e-08 -3.03918930e-08  3.03918902e-08\n",
      "   1.00000000e+00]]\n",
      "P_post:\n",
      "[[ 0.00000000e+00  0.00000000e+00 -2.77555756e-17 -5.55111512e-17\n",
      "   3.30872245e-24]\n",
      " [ 1.38777878e-17  0.00000000e+00  2.77555756e-17 -2.77555756e-17\n",
      "  -3.30872245e-24]\n",
      " [ 0.00000000e+00  0.00000000e+00  1.20704114e+00  9.18000597e-08\n",
      "   6.61744490e-24]\n",
      " [-2.77555756e-17 -5.55111512e-17  9.18000597e-08  6.88338275e-15\n",
      "   1.32348898e-23]\n",
      " [ 3.30872245e-24 -3.30872245e-24  1.69893170e-17  1.98523347e-23\n",
      "   0.00000000e+00]]\n",
      "step -----------\n",
      "P:\n",
      "[[ 1.07742771e+00 -7.74277124e-02  1.52854861e-01 -1.52854846e-01\n",
      "  -1.53967534e-08]\n",
      " [-7.74277124e-02  1.07742771e+00 -1.52854861e-01  1.52854846e-01\n",
      "   1.53967534e-08]\n",
      " [ 1.52854861e-01 -1.52854861e-01  1.30176029e+00 -3.01760256e-01\n",
      "  -3.03956883e-08]\n",
      " [-1.52854846e-01  1.52854846e-01 -3.01760256e-01  1.30176023e+00\n",
      "   3.03956853e-08]\n",
      " [-1.53967534e-08  1.53967534e-08 -3.03956883e-08  3.03956852e-08\n",
      "   1.00000000e+00]]\n",
      "P_post:\n",
      "[[ 0.00000000e+00 -1.52655666e-16  1.66533454e-16 -9.99200722e-16\n",
      "  -9.92616735e-24]\n",
      " [-1.38777878e-16  0.00000000e+00  0.00000000e+00  0.00000000e+00\n",
      "   3.30872245e-24]\n",
      " [ 1.66533454e-16 -2.77555756e-17  1.20716531e+00  9.18095029e-08\n",
      "   0.00000000e+00]\n",
      " [-9.71445147e-16  0.00000000e+00  9.18095028e-08  6.43929354e-15\n",
      "   1.98523347e-23]\n",
      " [-9.92616735e-24  3.30872245e-24  8.24007548e-18  1.98523347e-23\n",
      "   0.00000000e+00]]\n",
      "step -----------\n",
      "P:\n",
      "[[ 1.07705053e+00 -7.70505313e-02  1.52489941e-01 -1.52489926e-01\n",
      "  -1.53599957e-08]\n",
      " [-7.70505313e-02  1.07705053e+00 -1.52489941e-01  1.52489926e-01\n",
      "   1.53599957e-08]\n",
      " [ 1.52489941e-01 -1.52489941e-01  1.30179133e+00 -3.01791297e-01\n",
      "  -3.03988150e-08]\n",
      " [-1.52489926e-01  1.52489926e-01 -3.01791297e-01  1.30179127e+00\n",
      "   3.03988122e-08]\n",
      " [-1.53599956e-08  1.53599956e-08 -3.03988150e-08  3.03988121e-08\n",
      "   1.00000000e+00]]\n",
      "P_post:\n",
      "[[-2.22044605e-16 -9.71445147e-17  1.38777878e-16 -7.21644966e-16\n",
      "  -3.97046694e-23]\n",
      " [-9.71445147e-17  0.00000000e+00 -2.77555756e-17  0.00000000e+00\n",
      "   0.00000000e+00]\n",
      " [ 1.38777878e-16 -2.77555756e-17  1.20728955e+00  9.18189522e-08\n",
      "   0.00000000e+00]\n",
      " [-7.21644966e-16  0.00000000e+00  9.18189521e-08  6.88338275e-15\n",
      "   6.61744490e-24]\n",
      " [-3.63959470e-23  3.30872245e-24  1.26324509e-17  6.61744490e-24\n",
      "  -2.22044605e-16]]\n",
      "step -----------\n",
      "P:\n",
      "[[ 1.07697574e+00 -7.69757382e-02  1.52423755e-01 -1.52423740e-01\n",
      "  -1.53533290e-08]\n",
      " [-7.69757382e-02  1.07697574e+00 -1.52423755e-01  1.52423740e-01\n",
      "   1.53533290e-08]\n",
      " [ 1.52423755e-01 -1.52423755e-01  1.30182239e+00 -3.01822358e-01\n",
      "  -3.04019437e-08]\n",
      " [-1.52423740e-01  1.52423740e-01 -3.01822358e-01  1.30182233e+00\n",
      "   3.04019407e-08]\n",
      " [-1.53533290e-08  1.53533290e-08 -3.04019437e-08  3.04019407e-08\n",
      "   1.00000000e+00]]\n",
      "P_post:\n",
      "[[ 4.44089210e-16  1.38777878e-17 -1.66533454e-16  5.82867088e-16\n",
      "   3.30872245e-24]\n",
      " [ 1.38777878e-17  0.00000000e+00  3.60822483e-16 -1.44328993e-15\n",
      "   6.61744490e-24]\n",
      " [-1.38777878e-16  3.33066907e-16  1.20732777e+00  9.18218588e-08\n",
      "   6.61744490e-24]\n",
      " [ 6.10622664e-16 -1.47104551e-15  9.18218588e-08  6.88338275e-15\n",
      "  -3.97046694e-23]\n",
      " [ 3.30872245e-24  6.61744490e-24  1.26257011e-17 -4.63221143e-23\n",
      "   0.00000000e+00]]\n"
     ]
    },
    {
     "name": "stdout",
     "output_type": "stream",
     "text": [
      "step -----------\n",
      "P:\n",
      "[[ 1.07696659e+00 -7.69665910e-02  1.52417111e-01 -1.52417095e-01\n",
      "  -1.53526597e-08]\n",
      " [-7.69665910e-02  1.07696659e+00 -1.52417111e-01  1.52417095e-01\n",
      "   1.53526600e-08]\n",
      " [ 1.52417111e-01 -1.52417111e-01  1.30183194e+00 -3.01831912e-01\n",
      "  -3.04029064e-08]\n",
      " [-1.52417095e-01  1.52417095e-01 -3.01831912e-01  1.30183188e+00\n",
      "   3.04029031e-08]\n",
      " [-1.53526597e-08  1.53526600e-08 -3.04029064e-08  3.04029031e-08\n",
      "   1.00000000e+00]]\n",
      "P_post:\n",
      "[[ 0.00000000e+00 -1.52655666e-16  1.38777878e-16 -4.71844785e-16\n",
      "  -1.98523347e-23]\n",
      " [-1.24900090e-16 -4.44089210e-16  5.55111512e-17 -1.11022302e-16\n",
      "  -3.30872245e-24]\n",
      " [ 1.11022302e-16  2.77555756e-17  1.20733558e+00  9.18224523e-08\n",
      "   0.00000000e+00]\n",
      " [-4.99600361e-16 -8.32667268e-17  9.18224523e-08  6.43929354e-15\n",
      "  -2.64697796e-23]\n",
      " [-1.98523347e-23 -3.30872245e-24  8.24513782e-18 -2.64697796e-23\n",
      "   0.00000000e+00]]\n",
      "step -----------\n",
      "P:\n",
      "[[ 1.07678963e+00 -7.67896346e-02  1.52242289e-01 -1.52242273e-01\n",
      "  -1.53350501e-08]\n",
      " [-7.67896346e-02  1.07678963e+00 -1.52242289e-01  1.52242273e-01\n",
      "   1.53350502e-08]\n",
      " [ 1.52242289e-01 -1.52242289e-01  1.30183389e+00 -3.01833863e-01\n",
      "  -3.04031026e-08]\n",
      " [-1.52242273e-01  1.52242273e-01 -3.01833863e-01  1.30183383e+00\n",
      "   3.04030998e-08]\n",
      " [-1.53350501e-08  1.53350501e-08 -3.04031026e-08  3.04030998e-08\n",
      "   1.00000000e+00]]\n",
      "P_post:\n",
      "[[ 0.00000000e+00 -8.32667268e-17  1.38777878e-16 -7.21644966e-16\n",
      "   2.31610572e-23]\n",
      " [-6.93889390e-17  0.00000000e+00  5.55111512e-17 -8.32667268e-17\n",
      "   0.00000000e+00]\n",
      " [ 1.66533454e-16  0.00000000e+00  1.20738706e+00  9.18263677e-08\n",
      "   1.32348898e-23]\n",
      " [-6.93889390e-16 -8.32667268e-17  9.18263676e-08  6.43929354e-15\n",
      "  -1.32348898e-23]\n",
      " [ 2.64697796e-23  0.00000000e+00  1.70102943e-17  0.00000000e+00\n",
      "  -2.22044605e-16]]\n",
      "step -----------\n",
      "P:\n",
      "[[ 1.07670049e+00 -7.67004881e-02  1.52157136e-01 -1.52157121e-01\n",
      "  -1.53264729e-08]\n",
      " [-7.67004881e-02  1.07670049e+00 -1.52157136e-01  1.52157121e-01\n",
      "   1.53264730e-08]\n",
      " [ 1.52157136e-01 -1.52157136e-01  1.30184676e+00 -3.01846734e-01\n",
      "  -3.04043991e-08]\n",
      " [-1.52157121e-01  1.52157121e-01 -3.01846734e-01  1.30184670e+00\n",
      "   3.04043962e-08]\n",
      " [-1.53264729e-08  1.53264729e-08 -3.04043990e-08  3.04043962e-08\n",
      "   1.00000000e+00]]\n",
      "P_post:\n",
      "[[ 0.00000000e+00  1.38777878e-17  2.77555756e-17 -3.05311332e-16\n",
      "  -3.30872245e-23]\n",
      " [ 1.38777878e-17  0.00000000e+00  5.55111512e-17 -2.77555756e-17\n",
      "   3.30872245e-24]\n",
      " [ 1.11022302e-16  0.00000000e+00  1.20741947e+00  9.18288332e-08\n",
      "   6.61744490e-24]\n",
      " [-3.33066907e-16 -5.55111512e-17  9.18288331e-08  6.43929354e-15\n",
      "  -1.32348898e-23]\n",
      " [-2.97785021e-23  3.30872245e-24  2.52668737e-17 -1.32348898e-23\n",
      "  -2.22044605e-16]]\n",
      "step -----------\n",
      "P:\n",
      "[[ 1.07667857e+00 -7.66785744e-02  1.52137441e-01 -1.52137426e-01\n",
      "  -1.53244891e-08]\n",
      " [-7.66785744e-02  1.07667857e+00 -1.52137441e-01  1.52137426e-01\n",
      "   1.53244891e-08]\n",
      " [ 1.52137441e-01 -1.52137441e-01  1.30185487e+00 -3.01854838e-01\n",
      "  -3.04052154e-08]\n",
      " [-1.52137426e-01  1.52137426e-01 -3.01854838e-01  1.30185481e+00\n",
      "   3.04052126e-08]\n",
      " [-1.53244891e-08  1.53244891e-08 -3.04052154e-08  3.04052125e-08\n",
      "   1.00000000e+00]]\n",
      "P_post:\n",
      "[[-2.22044605e-16 -2.77555756e-17  2.49800181e-16 -1.52655666e-15\n",
      "  -3.30872245e-24]\n",
      " [-2.77555756e-17 -2.22044605e-16  8.32667268e-17  0.00000000e+00\n",
      "  -3.30872245e-24]\n",
      " [ 2.49800181e-16  5.55111512e-17  1.20743014e+00  9.18296438e-08\n",
      "   6.61744490e-24]\n",
      " [-1.49880108e-15 -2.77555756e-17  9.18296437e-08  7.10542736e-15\n",
      "   0.00000000e+00]\n",
      " [-6.61744490e-24 -6.61744490e-24  2.08666964e-17  0.00000000e+00\n",
      "  -2.22044605e-16]]\n",
      "step -----------\n",
      "P:\n",
      "[[ 1.07659330e+00 -7.65932984e-02  1.52053491e-01 -1.52053476e-01\n",
      "  -1.53160331e-08]\n",
      " [-7.65932984e-02  1.07659330e+00 -1.52053491e-01  1.52053476e-01\n",
      "   1.53160331e-08]\n",
      " [ 1.52053491e-01 -1.52053491e-01  1.30185753e+00 -3.01857503e-01\n",
      "  -3.04054838e-08]\n",
      " [-1.52053476e-01  1.52053476e-01 -3.01857503e-01  1.30185747e+00\n",
      "   3.04054807e-08]\n",
      " [-1.53160330e-08  1.53160330e-08 -3.04054838e-08  3.04054806e-08\n",
      "   1.00000000e+00]]\n",
      "P_post:\n",
      "[[-6.66133815e-16  2.08166817e-16 -3.60822483e-16  9.99200722e-16\n",
      "   6.28657266e-23]\n",
      " [ 2.22044605e-16  2.22044605e-16  5.55111512e-17  0.00000000e+00\n",
      "  -3.30872245e-24]\n",
      " [-2.77555756e-16  0.00000000e+00  1.20745590e+00  9.18316038e-08\n",
      "   6.61744490e-24]\n",
      " [ 9.71445147e-16  0.00000000e+00  9.18316037e-08  6.88338275e-15\n",
      "   6.61744490e-24]\n",
      " [ 6.28657266e-23 -3.30872245e-24  2.08811819e-17  1.32348898e-23\n",
      "   0.00000000e+00]]\n",
      "step -----------\n",
      "P:\n",
      "[[ 1.07672860e+00 -7.67286039e-02  1.52189360e-01 -1.52189345e-01\n",
      "  -1.53297189e-08]\n",
      " [-7.67286039e-02  1.07672860e+00 -1.52189360e-01  1.52189345e-01\n",
      "   1.53297189e-08]\n",
      " [ 1.52189360e-01 -1.52189360e-01  1.30186398e+00 -3.01863945e-01\n",
      "  -3.04061327e-08]\n",
      " [-1.52189345e-01  1.52189345e-01 -3.01863945e-01  1.30186391e+00\n",
      "   3.04061297e-08]\n",
      " [-1.53297189e-08  1.53297189e-08 -3.04061327e-08  3.04061297e-08\n",
      "   1.00000000e+00]]\n",
      "P_post:\n",
      "[[-4.44089210e-16 -1.52655666e-16 -1.38777878e-16  6.10622664e-16\n",
      "  -3.30872245e-24]\n",
      " [-1.52655666e-16  0.00000000e+00 -2.77555756e-16  1.13797860e-15\n",
      "   3.97046694e-23]\n",
      " [-1.38777878e-16 -2.77555756e-16  1.20742083e+00  9.18289366e-08\n",
      "  -6.61744490e-24]\n",
      " [ 6.10622664e-16  1.08246745e-15  9.18289365e-08  6.66133815e-15\n",
      "   6.61744490e-24]\n",
      " [ 0.00000000e+00  3.97046694e-23  2.52537844e-17  6.61744490e-24\n",
      "   0.00000000e+00]]\n",
      "step -----------\n",
      "P:\n",
      "[[ 1.07703081e+00 -7.70308056e-02  1.52486556e-01 -1.52486541e-01\n",
      "  -1.53596548e-08]\n",
      " [-7.70308056e-02  1.07703081e+00 -1.52486556e-01  1.52486541e-01\n",
      "   1.53596546e-08]\n",
      " [ 1.52486556e-01 -1.52486556e-01  1.30185521e+00 -3.01855178e-01\n",
      "  -3.04052494e-08]\n",
      " [-1.52486541e-01  1.52486541e-01 -3.01855178e-01  1.30185515e+00\n",
      "   3.04052467e-08]\n",
      " [-1.53596548e-08  1.53596546e-08 -3.04052494e-08  3.04052467e-08\n",
      "   1.00000000e+00]]\n",
      "P_post:\n",
      "[[ 2.22044605e-16  9.71445147e-17  5.55111512e-17 -3.60822483e-16\n",
      "  -6.61744490e-24]\n",
      " [ 9.71445147e-17 -4.44089210e-16  3.60822483e-16 -1.44328993e-15\n",
      "   9.92616735e-24]\n",
      " [ 1.11022302e-16  3.33066907e-16  1.20732995e+00  9.18220248e-08\n",
      "   6.61744490e-24]\n",
      " [-3.33066907e-16 -1.41553436e-15  9.18220248e-08  6.66133815e-15\n",
      "  -1.32348898e-23]\n",
      " [-6.61744490e-24  6.61744490e-24  1.64739107e-17 -1.32348898e-23\n",
      "   0.00000000e+00]]\n",
      "step -----------\n",
      "P:\n",
      "[[ 1.07739562e+00 -7.73956179e-02  1.52841460e-01 -1.52841445e-01\n",
      "  -1.53954035e-08]\n",
      " [-7.73956179e-02  1.07739562e+00 -1.52841460e-01  1.52841445e-01\n",
      "   1.53954038e-08]\n",
      " [ 1.52841460e-01 -1.52841460e-01  1.30183249e+00 -3.01832458e-01\n",
      "  -3.04029613e-08]\n",
      " [-1.52841445e-01  1.52841445e-01 -3.01832458e-01  1.30183243e+00\n",
      "   3.04029582e-08]\n",
      " [-1.53954035e-08  1.53954038e-08 -3.04029613e-08  3.04029582e-08\n",
      "   1.00000000e+00]]\n",
      "P_post:\n",
      "[[-4.44089210e-16 -1.80411242e-16 -1.66533454e-16  9.43689571e-16\n",
      "   1.98523347e-23]\n",
      " [-1.80411242e-16  0.00000000e+00 -2.77555756e-17  2.77555756e-17\n",
      "   0.00000000e+00]\n",
      " [-1.66533454e-16 -2.77555756e-17  1.20721374e+00  9.18131863e-08\n",
      "   0.00000000e+00]\n",
      " [ 9.43689571e-16  0.00000000e+00  9.18131862e-08  6.66133815e-15\n",
      "   6.61744490e-24]\n",
      " [ 2.64697796e-23 -3.30872245e-24  4.39150187e-18  6.61744490e-24\n",
      "   0.00000000e+00]]\n",
      "step -----------\n",
      "P:\n",
      "[[ 1.07742526e+00 -7.74252568e-02  1.52863365e-01 -1.52863350e-01\n",
      "  -1.53976100e-08]\n",
      " [-7.74252568e-02  1.07742526e+00 -1.52863365e-01  1.52863350e-01\n",
      "   1.53976100e-08]\n",
      " [ 1.52863365e-01 -1.52863365e-01  1.30180343e+00 -3.01803404e-01\n",
      "  -3.04000346e-08]\n",
      " [-1.52863350e-01  1.52863350e-01 -3.01803404e-01  1.30180337e+00\n",
      "   3.04000317e-08]\n",
      " [-1.53976100e-08  1.53976100e-08 -3.04000346e-08  3.04000316e-08\n",
      "   1.00000000e+00]]\n",
      "P_post:\n",
      "[[ 0.00000000e+00  1.38777878e-17  3.33066907e-16 -1.69309011e-15\n",
      "   1.65436123e-23]\n",
      " [ 2.77555756e-17  0.00000000e+00  2.77555756e-17 -2.77555756e-17\n",
      "   0.00000000e+00]\n",
      " [ 3.60822483e-16  0.00000000e+00  1.20718949e+00  9.18113420e-08\n",
      "   6.61744490e-24]\n",
      " [-1.72084569e-15 -5.55111512e-17  9.18113419e-08  6.88338275e-15\n",
      "  -6.61744490e-24]\n",
      " [ 1.65436123e-23  0.00000000e+00  8.23157206e-18  0.00000000e+00\n",
      "   0.00000000e+00]]\n",
      "step -----------\n",
      "P:\n",
      "[[ 1.07750019e+00 -7.75001927e-02  1.52935786e-01 -1.52935770e-01\n",
      "  -1.54049047e-08]\n",
      " [-7.75001927e-02  1.07750019e+00 -1.52935786e-01  1.52935770e-01\n",
      "   1.54049047e-08]\n",
      " [ 1.52935786e-01 -1.52935786e-01  1.30179737e+00 -3.01797343e-01\n",
      "  -3.03994239e-08]\n",
      " [-1.52935770e-01  1.52935770e-01 -3.01797343e-01  1.30179731e+00\n",
      "   3.03994209e-08]\n",
      " [-1.54049047e-08  1.54049047e-08 -3.03994239e-08  3.03994209e-08\n",
      "   1.00000000e+00]]\n",
      "P_post:\n",
      "[[-6.66133815e-16 -1.38777878e-17  3.60822483e-16 -1.99840144e-15\n",
      "  -3.63959470e-23]\n",
      " [ 0.00000000e+00  0.00000000e+00  2.77555756e-17 -2.77555756e-17\n",
      "   3.30872245e-24]\n",
      " [ 3.88578059e-16  0.00000000e+00  1.20716488e+00  9.18094700e-08\n",
      "  -6.61744490e-24]\n",
      " [-1.97064587e-15 -8.32667268e-17  9.18094700e-08  6.66133815e-15\n",
      "   0.00000000e+00]\n",
      " [-3.97046694e-23  6.61744490e-24  8.22606635e-18  6.61744490e-24\n",
      "   0.00000000e+00]]\n",
      "step -----------\n",
      "P:\n",
      "[[ 1.07752933e+00 -7.75293290e-02  1.52962972e-01 -1.52962956e-01\n",
      "  -1.54076431e-08]\n",
      " [-7.75293290e-02  1.07752933e+00 -1.52962972e-01  1.52962956e-01\n",
      "   1.54076431e-08]\n",
      " [ 1.52962972e-01 -1.52962972e-01  1.30179122e+00 -3.01791189e-01\n",
      "  -3.03988041e-08]\n",
      " [-1.52962956e-01  1.52962956e-01 -3.01791189e-01  1.30179116e+00\n",
      "   3.03988012e-08]\n",
      " [-1.54076431e-08  1.54076431e-08 -3.03988041e-08  3.03988012e-08\n",
      "   1.00000000e+00]]\n",
      "P_post:\n",
      "[[ 0.00000000e+00  2.22044605e-16 -5.55111512e-17  1.38777878e-16\n",
      "   6.61744490e-24]\n",
      " [ 2.22044605e-16 -4.44089210e-16  2.77555756e-16 -8.60422844e-16\n",
      "  -6.61744490e-24]\n",
      " [-5.55111512e-17  2.77555756e-16  1.20715324e+00  9.18085853e-08\n",
      "   0.00000000e+00]\n",
      " [ 1.38777878e-16 -8.88178420e-16  9.18085853e-08  6.88338275e-15\n",
      "   1.98523347e-23]\n",
      " [ 3.30872245e-24 -6.61744490e-24  3.84809053e-18  6.61744490e-24\n",
      "   0.00000000e+00]]\n"
     ]
    },
    {
     "name": "stdout",
     "output_type": "stream",
     "text": [
      "step -----------\n",
      "P:\n",
      "[[ 1.07743547e+00 -7.74354717e-02  1.52869618e-01 -1.52869603e-01\n",
      "  -1.53982399e-08]\n",
      " [-7.74354717e-02  1.07743547e+00 -1.52869618e-01  1.52869603e-01\n",
      "   1.53982400e-08]\n",
      " [ 1.52869618e-01 -1.52869618e-01  1.30178831e+00 -3.01788280e-01\n",
      "  -3.03985113e-08]\n",
      " [-1.52869603e-01  1.52869603e-01 -3.01788280e-01  1.30178825e+00\n",
      "   3.03985082e-08]\n",
      " [-1.53982398e-08  1.53982400e-08 -3.03985113e-08  3.03985081e-08\n",
      "   1.00000000e+00]]\n",
      "P_post:\n",
      "[[ 6.66133815e-16 -1.11022302e-16  0.00000000e+00  8.32667268e-17\n",
      "  -1.65436123e-23]\n",
      " [-1.11022302e-16  0.00000000e+00  2.77555756e-17  2.77555756e-17\n",
      "   3.30872245e-24]\n",
      " [ 0.00000000e+00  2.77555756e-17  1.20717835e+00  9.18104953e-08\n",
      "  -6.61744490e-24]\n",
      " [ 5.55111512e-17  0.00000000e+00  9.18104952e-08  6.43929354e-15\n",
      "   0.00000000e+00]\n",
      " [-1.98523347e-23  0.00000000e+00  8.23153236e-18  0.00000000e+00\n",
      "   0.00000000e+00]]\n",
      "step -----------\n",
      "P:\n",
      "[[ 1.07741090e+00 -7.74109038e-02  1.52846956e-01 -1.52846940e-01\n",
      "  -1.53959570e-08]\n",
      " [-7.74109038e-02  1.07741090e+00 -1.52846956e-01  1.52846940e-01\n",
      "   1.53959570e-08]\n",
      " [ 1.52846956e-01 -1.52846956e-01  1.30179459e+00 -3.01794558e-01\n",
      "  -3.03991436e-08]\n",
      " [-1.52846940e-01  1.52846940e-01 -3.01794558e-01  1.30179453e+00\n",
      "   3.03991407e-08]\n",
      " [-1.53959570e-08  1.53959570e-08 -3.03991435e-08  3.03991407e-08\n",
      "   1.00000000e+00]]\n",
      "P_post:\n",
      "[[-4.44089210e-16  1.52655666e-16 -4.44089210e-16  1.88737914e-15\n",
      "   4.30133919e-23]\n",
      " [ 1.66533454e-16  0.00000000e+00  2.77555756e-17  0.00000000e+00\n",
      "   0.00000000e+00]\n",
      " [-4.99600361e-16  2.77555756e-17  1.20718876e+00  9.18112868e-08\n",
      "   6.61744490e-24]\n",
      " [ 1.88737914e-15  0.00000000e+00  9.18112867e-08  6.66133815e-15\n",
      "   0.00000000e+00]\n",
      " [ 4.30133919e-23  0.00000000e+00  2.08465396e-17  0.00000000e+00\n",
      "   0.00000000e+00]]\n",
      "step -----------\n",
      "P:\n",
      "[[ 1.07750390e+00 -7.75039008e-02  1.52939398e-01 -1.52939383e-01\n",
      "  -1.54052686e-08]\n",
      " [-7.75039008e-02  1.07750390e+00 -1.52939398e-01  1.52939383e-01\n",
      "   1.54052686e-08]\n",
      " [ 1.52939398e-01 -1.52939398e-01  1.30179719e+00 -3.01797160e-01\n",
      "  -3.03994056e-08]\n",
      " [-1.52939383e-01  1.52939383e-01 -3.01797160e-01  1.30179713e+00\n",
      "   3.03994027e-08]\n",
      " [-1.54052686e-08  1.54052686e-08 -3.03994056e-08  3.03994027e-08\n",
      "   1.00000000e+00]]\n",
      "P_post:\n",
      "[[ 4.44089210e-16 -1.11022302e-16 -1.38777878e-16  8.04911693e-16\n",
      "  -5.29395592e-23]\n",
      " [-1.11022302e-16  0.00000000e+00  0.00000000e+00 -2.77555756e-17\n",
      "   6.61744490e-24]\n",
      " [-1.38777878e-16  2.77555756e-17  1.20716372e+00  9.18093825e-08\n",
      "   0.00000000e+00]\n",
      " [ 8.04911693e-16 -2.77555756e-17  9.18093825e-08  6.43929354e-15\n",
      "  -6.61744490e-24]\n",
      " [-5.29395592e-23  6.61744490e-24  1.26167675e-17 -6.61744490e-24\n",
      "   0.00000000e+00]]\n",
      "step -----------\n",
      "P:\n",
      "[[ 1.07762693e+00 -7.76269309e-02  1.53059151e-01 -1.53059136e-01\n",
      "  -1.54173310e-08]\n",
      " [-7.76269309e-02  1.07762693e+00 -1.53059151e-01  1.53059136e-01\n",
      "   1.54173310e-08]\n",
      " [ 1.53059151e-01 -1.53059151e-01  1.30179093e+00 -3.01790901e-01\n",
      "  -3.03987751e-08]\n",
      " [-1.53059136e-01  1.53059136e-01 -3.01790901e-01  1.30179087e+00\n",
      "   3.03987723e-08]\n",
      " [-1.54173310e-08  1.54173310e-08 -3.03987751e-08  3.03987723e-08\n",
      "   1.00000000e+00]]\n",
      "P_post:\n",
      "[[ 0.00000000e+00  1.52655666e-16 -1.66533454e-16  5.55111512e-16\n",
      "   1.98523347e-23]\n",
      " [ 1.66533454e-16  0.00000000e+00  5.55111512e-17 -5.55111512e-17\n",
      "   3.30872245e-24]\n",
      " [-1.66533454e-16  2.77555756e-17  1.20712533e+00  9.18064628e-08\n",
      "   6.61744490e-24]\n",
      " [ 5.27355937e-16 -5.55111512e-17  9.18064628e-08  6.43929354e-15\n",
      "  -1.98523347e-23]\n",
      " [ 1.65436123e-23  0.00000000e+00  1.26146830e-17 -1.32348898e-23\n",
      "   0.00000000e+00]]\n",
      "step -----------\n",
      "P:\n",
      "[[ 1.07760244e+00 -7.76024438e-02  1.53032575e-01 -1.53032559e-01\n",
      "  -1.54146541e-08]\n",
      " [-7.76024438e-02  1.07760244e+00 -1.53032575e-01  1.53032559e-01\n",
      "   1.54146541e-08]\n",
      " [ 1.53032575e-01 -1.53032575e-01  1.30178133e+00 -3.01781303e-01\n",
      "  -3.03978084e-08]\n",
      " [-1.53032559e-01  1.53032559e-01 -3.01781303e-01  1.30178127e+00\n",
      "   3.03978056e-08]\n",
      " [-1.54146541e-08  1.54146541e-08 -3.03978084e-08  3.03978055e-08\n",
      "   1.00000000e+00]]\n",
      "P_post:\n",
      "[[ 0.00000000e+00  2.77555756e-17  1.11022302e-16 -5.82867088e-16\n",
      "  -1.32348898e-23]\n",
      " [ 4.16333634e-17  0.00000000e+00  5.55111512e-17 -3.33066907e-16\n",
      "   9.92616735e-24]\n",
      " [ 1.38777878e-16  5.55111512e-17  1.20712707e+00  9.18065949e-08\n",
      "  -6.61744490e-24]\n",
      " [-5.82867088e-16 -3.33066907e-16  9.18065949e-08  6.43929354e-15\n",
      "   1.98523347e-23]\n",
      " [-1.65436123e-23  1.32348898e-23  1.26119765e-17  2.64697796e-23\n",
      "   0.00000000e+00]]\n",
      "step -----------\n",
      "P:\n",
      "[[ 1.07769377e+00 -7.76937748e-02  1.53122711e-01 -1.53122696e-01\n",
