{
 "cells": [
  {
   "cell_type": "markdown",
   "metadata": {},
   "source": [
    "### Runs an extended Kalman filter using IHME SEIIR predictions along with measurement data of confirmed Covid-19 case counts (from New York Times data) and Facebook symptom data (loss of smell/taste, from Covid-19 Symptom Challenge) to generate updated 7-day predictions of case counts for counties in New York State.\n",
    "\n",
    "Developed by the University of Washington team of Les Atlas, Abraham Flaxman and Michael Rhoads.\n",
    "\n",
    "S - Susceptible\n",
    "E - Exposed\n",
    "I1 - Presymptomatic\n",
    "I2 - Symptomatic\n",
    "R - Recovered"
   ]
  },
  {
   "cell_type": "code",
   "execution_count": 1,
   "metadata": {},
   "outputs": [],
   "source": [
    "#%load_ext autoreload\n",
    "#%autoreload"
   ]
  },
  {
   "cell_type": "code",
   "execution_count": 2,
   "metadata": {},
   "outputs": [],
   "source": [
    "#%reset"
   ]
  },
  {
   "cell_type": "code",
   "execution_count": 3,
   "metadata": {},
   "outputs": [],
   "source": [
    "import math\n",
    "import datetime\n",
    "\n",
    "import numpy as np\n",
    "import pandas as pd\n",
    "import matplotlib\n",
    "import matplotlib.pyplot as plt\n",
    "\n",
    "import data_sets\n",
    "import seiir_compartmental"
   ]
  },
  {
   "cell_type": "code",
   "execution_count": null,
   "metadata": {},
   "outputs": [],
   "source": [
    "\n"
   ]
  },
  {
   "cell_type": "code",
   "execution_count": 11,
   "metadata": {},
   "outputs": [],
   "source": [
    "# functions to support the Kalman filtering\n",
    "def get_predicts_prior(day, seiir):\n",
    "    x_hat = np.array([[seiir['S'].loc[day]],\n",
    "                      [seiir['E'].loc[day]],\n",
    "                      [seiir['I1'].loc[day]],\n",
    "                      [seiir['I2'].loc[day]],\n",
    "                      [seiir['R'].loc[day]]])\n",
    "\n",
    "    beta_k = seiir['beta'].loc[day]\n",
    "\n",
    "    return x_hat, beta_k\n",
    "\n",
    "\n",
    "def step_seiir(x_hat, constants, beta_k, days=7):\n",
    "    s_dict = {'S': x_hat[0, 0],\n",
    "              'E': x_hat[1, 0],\n",
    "              'I1': x_hat[2, 0],\n",
    "              'I2': x_hat[3, 0],\n",
    "              'R': x_hat[4, 0]}\n",
    "\n",
    "    s = pd.Series(s_dict)\n",
    "\n",
    "    for i in range(days):\n",
    "        infectious = s.loc['I1'] + s.loc['I2']\n",
    "        s = seiir_compartmental.compartmental_covid_step(s, s.sum(),\n",
    "                                                         infectious,\n",
    "                                                         constants['alpha'],\n",
    "                                                         beta_k,\n",
    "                                                         constants['gamma1'],\n",
    "                                                         constants['gamma2'],\n",
    "                                                         constants['sigma'],\n",
    "                                                         constants['theta'])\n",
    "    x_hat_future_prior = np.array([[s.loc['S']],\n",
    "                                   [s.loc['E']],\n",
    "                                   [s.loc['I1']],\n",
    "                                   [s.loc['I2']],\n",
    "                                   [s.loc['R']]])\n",
    "\n",
    "    return x_hat_future_prior\n",
    "\n",
    "\n",
    "def predict_step(x_hat_k1_prior, P, Q, beta_k, constants):\n",
    "    S = x_hat_k1_prior[0, 0]\n",
    "    E = x_hat_k1_prior[1, 0]\n",
    "    I1 = x_hat_k1_prior[2, 0]\n",
    "    I2 = x_hat_k1_prior[3, 0]\n",
    "    R = x_hat_k1_prior[4, 0]\n",
    "    N = S + E + I1 + I2 + R\n",
    "    alpha = constants['alpha']\n",
    "    sigma = constants['sigma']\n",
    "    gamma1 = constants['gamma1']\n",
    "    gamma2 = constants['gamma2']\n",
    "\n",
    "    part_f_S = np.array([[-beta_k * math.pow(I1 + I2, alpha) / N],\n",
    "                         [beta_k * math.pow(I1 + I2, alpha) / N],\n",
    "                         [0],\n",
    "                         [0],\n",
    "                         [0]])\n",
    "\n",
    "    part_f_E = np.array([[0],\n",
    "                         [-sigma],\n",
    "                         [sigma],\n",
    "                         [0],\n",
    "                         [0]])\n",
    "\n",
    "    part_f_I1 = np.array([[-alpha * beta_k * S * math.pow(I1+I2, alpha-1) / N],\n",
    "                          [alpha * beta_k * S * math.pow(I1+I2, alpha-1) / N],\n",
    "                          [-gamma1],\n",
    "                          [gamma1],\n",
    "                          [0]])\n",
    "\n",
    "    part_f_I2 = np.array([[-alpha * beta_k * S * math.pow(I1+I2, alpha-1) / N],\n",
    "                          [alpha * beta_k * S * math.pow(I1+I2, alpha-1) / N],\n",
    "                          [0],\n",
    "                          [-gamma2],\n",
    "                          [gamma2]])\n",
    "    \n",
    "    part_f_R = np.array([[0],\n",
    "                         [0],\n",
    "                         [0],\n",
    "                         [0],\n",
    "                         [0]])\n",
    "\n",
    "    # 5x5\n",
    "    f_jacob = np.concatenate([part_f_S, part_f_E, part_f_I1, part_f_I2,\n",
    "                              part_f_R], axis=1)\n",
    "\n",
    "    print('f_jacob =')\n",
    "    print(f_jacob)\n",
    "    print('f_jacob[4,4] =', f_jacob[3, 3])\n",
    "    # 5x5\n",
    "    # P_k1_prior = f_jacob * P * f_jacob^T + Q\n",
    "    P_k1_prior = np.matmul(np.matmul(f_jacob, P), np.transpose(f_jacob)) + Q\n",
    "    print()\n",
    "    print('P prior - in predict step =')\n",
    "    print(P_k1_prior)\n",
    "    print('P_prior[4,4] =', P_k1_prior[3, 3])\n",
    "    print()\n",
    "    print()\n",
    "    return P_k1_prior\n",
    "\n",
    "\n",
    "def update_step(x_hat, x_hat_k1, P_k1, Rn, rho1, rho2, z_k, measure):\n",
    "    # 5x5\n",
    "    ep = 10**-8\n",
    "    if measure is None:\n",
    "        H = np.array([[ep, 0, 0, 0, 0],\n",
    "                      [0, ep, 0, 0, 0],\n",
    "                      [0, 0, ep, 0, 0],\n",
    "                      [0, 0, 0, rho2, 0],\n",
    "                      [0, 0, 0, 0, ep]])\n",
    "    else:\n",
    "                \n",
    "        H = np.array([[ep, 0, 0, 0, 0],\n",
    "                      [0, ep, 0, 0, 0],\n",
    "                      [0, 0, ep, rho1, 0],\n",
    "                      [0, 0, 0, rho2, 0],\n",
    "                      [0, 0, 0, 0, ep]])\n",
    "    \n",
    "    \n",
    "    # Si = H * P_k1 * H^T + Rn\n",
    "    Si = np.matmul(np.matmul(H, P_k1), np.transpose(H)) + Rn\n",
    "\n",
    "    # K_new = P_k1 * H^T * Si^(-1)\n",
    "    K_new = np.matmul(np.matmul(P_k1, np.transpose(H)), np.linalg.inv(Si))\n",
    "    y_new = np.matmul(H, x_hat)\n",
    "\n",
    "    # 5x1\n",
    "    diff = z_k - y_new\n",
    "\n",
    "    x_hat_k1_post = x_hat_k1 + np.matmul(K_new, diff)\n",
    "\n",
    "    P_k1_post = P_k1 - np.matmul(np.matmul(K_new, Si), np.transpose(K_new))\n",
    "\n",
    "\n",
    "    return x_hat_k1_post, P_k1_post, diff, K_new[3, 3]\n",
    "\n",
    "\n",
    "def create_data_sets():\n",
    "    seiir_fl = pd.read_csv(r'data/seiir_projections/florida_proj.csv', header=0,\n",
    "                            index_col='date', parse_dates=True)\n",
    "\n",
    "    seiir_ny = pd.read_csv(r'data/seiir_projections/new_york_proj.csv', header=0,\n",
    "                            index_col='date', parse_dates=True)\n",
    "    \n",
    "    smell_data = data_sets.create_symptom_df()\n",
    "    \n",
    "    case_data = data_sets.create_case_df_county()\n",
    "    \n",
    "    return seiir_fl, seiir_ny, smell_data, case_data\n",
    "\n",
    "\n",
    "def get_smell_data(fips, fb_data):\n",
    "\n",
    "    if fips == 'New York City':\n",
    "        nyc_fips = ['36005', '36061', '36047', '36085']\n",
    "        fb_data_geo = fb_data.loc[(slice(None), '36081'), :].copy()\n",
    "        fb_data_geo = fb_data_geo.mean(level='date')\n",
    "\n",
    "        for borough in nyc_fips:\n",
    "            fb_data_geo += fb_data.loc[(slice(None), borough), :].copy().mean(level='date')\n",
    "\n",
    "    else:\n",
    "        fb_data_geo = fb_data.loc[(slice(None), fips), :].copy()\n",
    "\n",
    "        # collapse down to a single index column (date)\n",
    "        fb_data_geo.index = fb_data_geo.index.droplevel([0, 1])\n",
    "\n",
    "    return fb_data_geo\n",
    "    \n",
    "\n",
    "\n",
    "def calc_fb_ma7(fb_data):\n",
    "    \"\"\"\n",
    "    Returns a Pandas series\n",
    "    \"\"\"\n",
    "    # the fb_data is a DataFrame while the case_data is a Series\n",
    "    fb_ma7 = fb_data.rolling(window=7).mean()\n",
    "    fb_ma7 = fb_ma7.iloc[6:, :]\n",
    "    prop_ma7 = fb_ma7['num_stl'].div(fb_ma7['n'])\n",
    "\n",
    "    return prop_ma7, fb_ma7['n'].copy(), fb_ma7['num_stl'].copy()\n",
    "\n",
    "\n",
    "def calc_mse(prediction, actual):\n",
    "    \"\"\"\n",
    "    Inputs should be two Pandas Series of same length.\n",
    "    Outputs a float.\n",
    "    \"\"\"\n",
    "    err = prediction - actual\n",
    "    sum_sq_err = (err**2).sum()\n",
    "    mse = sum_sq_err / err.count()\n",
    "    return mse\n",
    "\n",
    "\n",
    "def create_hh_data():\n",
    "    # bring in new data\n",
    "    full_data = pd.read_csv(r'data/from_challenge/overall-county.csv', header=0, dtype={'fips': 'str', 'pct_hh_cli': 'float64'},\n",
    "                            parse_dates=[0])\n",
    "    time_start = full_data['date'].min()\n",
    "    time_end = full_data['date'].max()\n",
    "    full_data.set_index(['fips', 'date'], inplace=True)\n",
    "    full_data.sort_index(inplace=True)\n",
    "\n",
    "    # derive count of survey respondents with household members having covid symptoms\n",
    "    full_data['num_hh_cli'] = full_data['n'].mul(full_data['pct_hh_cli']/100.).round()\n",
    "    full_data['num_hh_cli'] = full_data['num_hh_cli'].astype('int64')\n",
    "\n",
    "    # group by county and date\n",
    "    data_of_interest = full_data[['n', 'num_hh_cli']].copy().groupby(level=(0, 1)).sum()\n",
    "    idx = pd.IndexSlice\n",
    "\n",
    "    # create full date range\n",
    "    date_rng = pd.date_range(time_start, time_end)\n",
    "    iterables = [data_of_interest.index.levels[0], date_rng]\n",
    "    new_index = pd.MultiIndex.from_product(iterables, names=['fips', 'date'])\n",
    "\n",
    "    data_of_interest = data_of_interest.reindex(index=new_index)\n",
    "    # this will have NaN values in the new index entries for which there was no\n",
    "    # previous data -- fill them upon extracting a particular county\n",
    "    \n",
    "    return data_of_interest\n"
   ]
  },
  {
   "cell_type": "code",
   "execution_count": null,
   "metadata": {},
   "outputs": [],
   "source": []
  },
  {
   "cell_type": "code",
   "execution_count": 5,
   "metadata": {},
   "outputs": [],
   "source": [
    "def create_county_lists():\n",
    "    case_data = data_sets.create_case_df_county()\n",
    "    ny_counties = case_data[case_data['state'] == 'New York']['county'].unique()\n",
    "    fl_counties = case_data[case_data['state'] == 'Florida']['county'].unique()\n",
    "    return ny_counties, fl_counties"
   ]
  },
  {
   "cell_type": "code",
   "execution_count": 6,
   "metadata": {},
   "outputs": [],
   "source": [
    "seiir_fl, seiir_ny, smell_data, case_data = create_data_sets()\n",
    "\n",
    "hh_data = create_hh_data()"
   ]
  },
  {
   "cell_type": "code",
   "execution_count": null,
   "metadata": {},
   "outputs": [],
   "source": []
  },
  {
   "cell_type": "code",
   "execution_count": 7,
   "metadata": {},
   "outputs": [],
   "source": [
    "def run_county(the_state, county_name, seiir, smell_data, hh_data, case_data, measure='smell', K0=datetime.date(2020, 4, 18), delay=6):\n",
    "    \"\"\"\n",
    "    Arguments:\n",
    "        measure -- potential values are: 'smell', 'hh', or None\n",
    "    \"\"\"\n",
    "    # set constants\n",
    "    #K0 = datetime.date(2020, 4, 12)\n",
    "\n",
    "    if county_name == 'New York City':\n",
    "        the_county = county_name\n",
    "    else:\n",
    "        the_county = data_sets.get_fips(the_state, county_name)\n",
    "\n",
    "    constants = {\n",
    "        'alpha': 0.948786,\n",
    "        'gamma1': 0.500000,\n",
    "        'gamma2': 0.662215,\n",
    "        'sigma': 0.266635,\n",
    "        'theta': 6.000000\n",
    "        }\n",
    "\n",
    "    # set initial values for Kalman filter parameters\n",
    "    P_mult = 1\n",
    "    Q_mult = 1\n",
    "\n",
    "    # Rn is the R noise covariance matrix; it remains constant thru the stepping of the\n",
    "    # Kalman filter\n",
    "    Rn_mult = 5*10**-8\n",
    "\n",
    "    Rn_22 = 10000\n",
    "    Rn_32 = 1000\n",
    "\n",
    "    Rn_23 = 1000\n",
    "    Rn_33 = 100\n",
    "\n",
    "    Rn = Rn_mult * np.array([[0, 0, 0, 0, 0],\n",
    "                             [0, 0, 0, 0, 0],\n",
    "                             [0, 0, Rn_22, Rn_23, 0],\n",
    "                             [0, 0, Rn_32, Rn_33, 0],\n",
    "                             [0, 0, 0, 0, 0]])\n",
    "\n",
    "    Q = Q_mult * np.eye(5)\n",
    "    P = P_mult * np.eye(5)\n",
    "    \n",
    "    if the_county == 'New York City':\n",
    "        county_pop = 0\n",
    "        for each in ['36081', '36005', '36061', '36047', '36085']:\n",
    "            this_count, state_pop = data_sets.get_pops(each)\n",
    "            county_pop += this_count\n",
    "    else:\n",
    "        county_pop, state_pop = data_sets.get_pops(the_county)\n",
    "\n",
    "    b = county_pop / state_pop\n",
    "\n",
    "    # generate data\n",
    "    case_data_geo = case_data.loc[the_county]['case_rate'].copy()\n",
    "    smell_data_geo = get_smell_data(the_county, smell_data)\n",
    "    \n",
    "\n",
    "    if measure == 'hh':\n",
    "        idx = pd.IndexSlice\n",
    "        \n",
    "        if the_county == 'New York City':\n",
    "            nyc_fips = ['36005', '36061', '36047', '36085']\n",
    "            hh_cli = hh_data.loc[idx['36081', :], :].loc['36081'].copy()\n",
    "            hh_cli.fillna(method='pad', inplace=True)\n",
    "\n",
    "            for borough in nyc_fips:\n",
    "                bor_hh_cli = hh_data.loc[idx[borough, :], :].loc[borough].copy()\n",
    "                bor_hh_cli.fillna(method='pad', inplace=True)\n",
    "                hh_cli += bor_hh_cli\n",
    "\n",
    "        else:\n",
    "            hh_cli = hh_data.loc[idx[the_county, :], :].loc[the_county].copy()\n",
    "            hh_cli.fillna(method='pad', inplace=True)\n",
    "\n",
    "        # calculate moving averages on the fb and case data\n",
    "        hh_cli_ma7 = hh_cli.rolling(window=7).mean()\n",
    "        hh_cli_ma7 = hh_cli_ma7.iloc[6:, :]\n",
    "        num_survey_ma7 = hh_cli_ma7['num_hh_cli']\n",
    "        prop_cli_ma7 = num_survey_ma7.div(hh_cli_ma7['n'])\n",
    "        \n",
    "    elif measure == 'smell':\n",
    "        prop_ma7, n_ma7, num_survey_ma7 = calc_fb_ma7(smell_data_geo)\n",
    "        \n",
    "    else:\n",
    "        num_survey_ma7 = None\n",
    "\n",
    "\n",
    "    case_ma7 = case_data_geo.rolling(window=7).mean()\n",
    "    case_ma7_all = case_ma7.iloc[6:]\n",
    "    \n",
    "\n",
    "    # get starting compartment values for the state level\n",
    "    x_hat_state_k0, beta_k0 = get_predicts_prior(K0, seiir)\n",
    "\n",
    "    # convert to the county level\n",
    "    x_hat_k0 = b * x_hat_state_k0\n",
    "\n",
    "    I2_county = x_hat_k0[3, 0]\n",
    "\n",
    "\n",
    "    rho1 = 0.0001\n",
    "    rho2 = case_ma7_all.loc['2020-04-12'] / I2_county\n",
    "\n",
    "\n",
    "    # create empty dictionaries to hold the estimated values\n",
    "    case_est = {}\n",
    "    seiir_pred = {}\n",
    "\n",
    "    diff_rat = {}\n",
    "\n",
    "    K_val_dict = {}\n",
    "\n",
    "\n",
    "    # Original data run ----------------\n",
    "    start = K0\n",
    "    d = start\n",
    "\n",
    "    while d <= datetime.date(2020, 10, 23):    \n",
    "\n",
    "    # each cycle of the while loop executes a step\n",
    "\n",
    "        # get state level compartments\n",
    "        x_hat_state_k, beta_k = get_predicts_prior(d, seiir)\n",
    "\n",
    "        # step the state level compartments 7 days forward\n",
    "        x_hat_state_k1 = step_seiir(x_hat_state_k, constants, beta_k)\n",
    "\n",
    "        # convert the state level compartments to county level values\n",
    "        x_hat_k = b * x_hat_state_k\n",
    "        x_hat_k1 = b * x_hat_state_k1\n",
    "\n",
    "        indexDate = d + datetime.timedelta(days=7)\n",
    "        # store seiir prediction before it's modified by Kalman filter\n",
    "        seiir_pred[indexDate] = x_hat_k1[3, 0]\n",
    "\n",
    "        # get measurements for current day\n",
    "        if measure == 'smell':\n",
    "            z_k = np.array([[0],\n",
    "                            [0],\n",
    "                            [prop_ma7.loc[d - datetime.timedelta(days=delay)]],\n",
    "                            [case_ma7_all.loc[d]],\n",
    "                            [0]])    \n",
    "\n",
    "        elif measure == 'hh':\n",
    "            z_k = np.array([[0],\n",
    "                            [0],\n",
    "                            [prop_cli_ma7.loc[d - datetime.timedelta(days=delay)]],\n",
    "                            [case_ma7_all.loc[d]],\n",
    "                            [0]])\n",
    "            \n",
    "        else:\n",
    "            z_k = np.array([[0],\n",
    "                            [0],\n",
    "                            [0],\n",
    "                            [case_ma7_all.loc[d]],\n",
    "                            [0]])\n",
    "\n",
    "        # predict step using the stepped fwd SEIIR compartment values \n",
    "        P = predict_step(x_hat_k1, P, Q, beta_k, constants)\n",
    "\n",
    "        # update step\n",
    "        x_hat_post, P_post, the_diff, K_val = update_step(x_hat_k, x_hat_k1, P, Rn,\n",
    "                                         rho1, rho2, z_k, measure)\n",
    "\n",
    "\n",
    "        # store estimated values for proportion and case rate\n",
    "        K_val_dict[indexDate] = K_val\n",
    "        case_est[indexDate] = rho2 * x_hat_post[3, 0]\n",
    "\n",
    "\n",
    "        diff_rat[indexDate] = the_diff[2, 0] / the_diff[3, 0]\n",
    "\n",
    "        # update the P and d\n",
    "        P = P_post\n",
    "        d += datetime.timedelta(days=1)\n",
    "\n",
    "    # create pandas series of the estimated case rate\n",
    "    predicted_case = pd.Series(case_est)\n",
    "    predicted_seiir_prior = pd.Series(seiir_pred)\n",
    "    K_val_series = pd.Series(K_val_dict)\n",
    "    \n",
    "    return predicted_case, predicted_seiir_prior, case_ma7_all, num_survey_ma7, K_val_series"
   ]
  },
  {
   "cell_type": "code",
   "execution_count": null,
   "metadata": {},
   "outputs": [],
   "source": []
  },
  {
   "cell_type": "code",
   "execution_count": 12,
   "metadata": {},
   "outputs": [
    {
     "name": "stdout",
     "output_type": "stream",
     "text": [
      "f_jacob =\n",
      "[[-2.79198224e-04  0.00000000e+00 -3.07281626e-01 -3.07281626e-01\n",
      "   0.00000000e+00]\n",
      " [ 2.79198224e-04 -2.66635000e-01  3.07281626e-01  3.07281626e-01\n",
      "   0.00000000e+00]\n",
      " [ 0.00000000e+00  2.66635000e-01 -5.00000000e-01  0.00000000e+00\n",
      "   0.00000000e+00]\n",
      " [ 0.00000000e+00  0.00000000e+00  5.00000000e-01 -6.62215000e-01\n",
      "   0.00000000e+00]\n",
      " [ 0.00000000e+00  0.00000000e+00  0.00000000e+00  6.62215000e-01\n",
      "   0.00000000e+00]]\n",
      "f_jacob[4,4] = -0.662215\n",
      "\n",
      "P prior - in predict step =\n",
      "[[ 1.18884407 -0.18884407  0.15364081  0.04984569 -0.2034865 ]\n",
      " [-0.18884407  1.2599383  -0.22473504 -0.04984569  0.2034865 ]\n",
      " [ 0.15364081 -0.22473504  1.32109422 -0.25        0.        ]\n",
      " [ 0.04984569 -0.04984569 -0.25        1.68852871 -0.43852871]\n",
      " [-0.2034865   0.2034865   0.         -0.43852871  1.43852871]]\n",
      "P_prior[4,4] = 1.688528706225\n",
      "\n",
      "\n",
      "f_jacob =\n",
      "[[-2.73941423e-04  0.00000000e+00 -3.05100054e-01 -3.05100054e-01\n",
      "   0.00000000e+00]\n",
      " [ 2.73941423e-04 -2.66635000e-01  3.05100054e-01  3.05100054e-01\n",
      "   0.00000000e+00]\n",
      " [ 0.00000000e+00  2.66635000e-01 -5.00000000e-01  0.00000000e+00\n",
      "   0.00000000e+00]\n",
      " [ 0.00000000e+00  0.00000000e+00  5.00000000e-01 -6.62215000e-01\n",
      "   0.00000000e+00]\n",
      " [ 0.00000000e+00  0.00000000e+00  0.00000000e+00  6.62215000e-01\n",
      "   0.00000000e+00]]\n",
      "f_jacob[4,4] = -0.662215\n",
      "\n",
      "P prior - in predict step =\n",
      "[[ 1.11425009e+00 -1.14250088e-01  1.87233805e-01 -1.87233804e-01\n",
      "  -6.02370257e-10]\n",
      " [-1.14250088e-01  1.11425009e+00 -1.87233805e-01  1.87233804e-01\n",
      "   6.02370093e-10]\n",
      " [ 1.87233805e-01 -1.87233805e-01  1.30684001e+00 -3.06840004e-01\n",
      "  -9.87168226e-10]\n",
      " [-1.87233804e-01  1.87233804e-01 -3.06840004e-01  1.30684000e+00\n",
      "   9.87168390e-10]\n",
      " [-6.02370257e-10  6.02370093e-10 -9.87168226e-10  9.87168390e-10\n",
      "   1.00000000e+00]]\n",
      "P_prior[4,4] = 1.3068400032721872\n",
      "\n",
      "\n",
      "f_jacob =\n",
      "[[-2.71516045e-04  0.00000000e+00 -3.02502613e-01 -3.02502613e-01\n",
      "   0.00000000e+00]\n",
      " [ 2.71516045e-04 -2.66635000e-01  3.02502613e-01  3.02502613e-01\n",
      "   0.00000000e+00]\n",
      " [ 0.00000000e+00  2.66635000e-01 -5.00000000e-01  0.00000000e+00\n",
      "   0.00000000e+00]\n",
      " [ 0.00000000e+00  0.00000000e+00  5.00000000e-01 -6.62215000e-01\n",
      "   0.00000000e+00]\n",
      " [ 0.00000000e+00  0.00000000e+00  0.00000000e+00  6.62215000e-01\n",
      "   0.00000000e+00]]\n",
      "f_jacob[4,4] = -0.662215\n",
      "\n",
      "P prior - in predict step =\n",
      "[[ 1.10979581e+00 -1.09795807e-01  1.81479104e-01 -1.81479104e-01\n",
      "  -5.83856326e-10]\n",
      " [-1.09795807e-01  1.10979581e+00 -1.81479104e-01  1.81479104e-01\n",
      "   5.83856071e-10]\n",
      " [ 1.81479104e-01 -1.81479104e-01  1.29996287e+00 -2.99962868e-01\n",
      "  -9.65043185e-10]\n",
      " [-1.81479104e-01  1.81479104e-01 -2.99962868e-01  1.29996287e+00\n",
      "   9.65043440e-10]\n",
      " [-5.83856337e-10  5.83856082e-10 -9.65043204e-10  9.65043458e-10\n",
      "   1.00000000e+00]]\n",
      "P_prior[4,4] = 1.2999628674584798\n",
      "\n",
      "\n",
      "f_jacob =\n",
      "[[-2.69717023e-04  0.00000000e+00 -2.99654034e-01 -2.99654034e-01\n",
      "   0.00000000e+00]\n",
      " [ 2.69717023e-04 -2.66635000e-01  2.99654034e-01  2.99654034e-01\n",
      "   0.00000000e+00]\n",
      " [ 0.00000000e+00  2.66635000e-01 -5.00000000e-01  0.00000000e+00\n",
      "   0.00000000e+00]\n",
      " [ 0.00000000e+00  0.00000000e+00  5.00000000e-01 -6.62215000e-01\n",
      "   0.00000000e+00]\n",
      " [ 0.00000000e+00  0.00000000e+00  0.00000000e+00  6.62215000e-01\n",
      "   0.00000000e+00]]\n",
      "f_jacob[4,4] = -0.662215\n",
      "\n",
      "P prior - in predict step =\n",
      "[[ 1.10751775e+00 -1.07517754e-01  1.79403148e-01 -1.79403147e-01\n",
      "  -5.77177615e-10]\n",
      " [-1.07517754e-01  1.10751775e+00 -1.79403148e-01  1.79403147e-01\n",
      "   5.77177580e-10]\n",
      " [ 1.79403148e-01 -1.79403148e-01  1.29935046e+00 -2.99350462e-01\n",
      "  -9.63073218e-10]\n",
      " [-1.79403147e-01  1.79403147e-01 -2.99350462e-01  1.29935046e+00\n",
      "   9.63073155e-10]\n",
      " [-5.77177615e-10  5.77177585e-10 -9.63073223e-10  9.63073155e-10\n",
      "   1.00000000e+00]]\n",
      "P_prior[4,4] = 1.2993504608760942\n",
      "\n",
      "\n",
      "f_jacob =\n",
      "[[-2.63816653e-04  0.00000000e+00 -2.96915720e-01 -2.96915720e-01\n",
      "   0.00000000e+00]\n",
      " [ 2.63816653e-04 -2.66635000e-01  2.96915720e-01  2.96915720e-01\n",
      "   0.00000000e+00]\n",
      " [ 0.00000000e+00  2.66635000e-01 -5.00000000e-01  0.00000000e+00\n",
      "   0.00000000e+00]\n",
      " [ 0.00000000e+00  0.00000000e+00  5.00000000e-01 -6.62215000e-01\n",
      "   0.00000000e+00]\n",
      " [ 0.00000000e+00  0.00000000e+00  0.00000000e+00  6.62215000e-01\n",
      "   0.00000000e+00]]\n",
      "f_jacob[4,4] = -0.662215\n",
      "\n",
      "P prior - in predict step =\n",
      "[[ 1.10558543e+00 -1.05585428e-01  1.77803700e-01 -1.77803700e-01\n",
      "  -5.72031805e-10]\n",
      " [-1.05585428e-01  1.10558543e+00 -1.77803700e-01  1.77803700e-01\n",
      "   5.72031649e-10]\n",
      " [ 1.77803700e-01 -1.77803700e-01  1.29941779e+00 -2.99417794e-01\n",
      "  -9.63289632e-10]\n",
      " [-1.77803700e-01  1.77803700e-01 -2.99417794e-01  1.29941779e+00\n",
      "   9.63289692e-10]\n",
      " [-5.72031794e-10  5.72031647e-10 -9.63289624e-10  9.63289673e-10\n",
      "   1.00000000e+00]]\n",
      "P_prior[4,4] = 1.2994177929915918\n",
      "\n",
      "\n",
      "f_jacob =\n",
      "[[-2.54427102e-04  0.00000000e+00 -2.94325842e-01 -2.94325842e-01\n",
      "   0.00000000e+00]\n",
      " [ 2.54427102e-04 -2.66635000e-01  2.94325842e-01  2.94325842e-01\n",
      "   0.00000000e+00]\n",
      " [ 0.00000000e+00  2.66635000e-01 -5.00000000e-01  0.00000000e+00\n",
      "   0.00000000e+00]\n",
      " [ 0.00000000e+00  0.00000000e+00  5.00000000e-01 -6.62215000e-01\n",
      "   0.00000000e+00]\n",
      " [ 0.00000000e+00  0.00000000e+00  0.00000000e+00  6.62215000e-01\n",
      "   0.00000000e+00]]\n",
      "f_jacob[4,4] = -0.662215\n",
      "\n",
      "P prior - in predict step =\n",
      "[[ 1.10379841e+00 -1.03798409e-01  1.76332475e-01 -1.76332475e-01\n",
      "  -5.67298567e-10]\n",
      " [-1.03798409e-01  1.10379841e+00 -1.76332475e-01  1.76332475e-01\n",
      "   5.67298788e-10]\n",
      " [ 1.76332475e-01 -1.76332475e-01  1.29955316e+00 -2.99553164e-01\n",
      "  -9.63725601e-10]\n",
      " [-1.76332475e-01  1.76332475e-01 -2.99553164e-01  1.29955316e+00\n",
      "   9.63725381e-10]\n",
      " [-5.67298567e-10  5.67298783e-10 -9.63725596e-10  9.63725381e-10\n",
      "   1.00000000e+00]]\n",
      "P_prior[4,4] = 1.2995531629146793\n",
      "\n",
      "\n",
      "f_jacob =\n",
      "[[-2.46357126e-04  0.00000000e+00 -2.91657864e-01 -2.91657864e-01\n",
      "   0.00000000e+00]\n",
      " [ 2.46357126e-04 -2.66635000e-01  2.91657864e-01  2.91657864e-01\n",
      "   0.00000000e+00]\n",
      " [ 0.00000000e+00  2.66635000e-01 -5.00000000e-01  0.00000000e+00\n",
      "   0.00000000e+00]\n",
      " [ 0.00000000e+00  0.00000000e+00  5.00000000e-01 -6.62215000e-01\n",
      "   0.00000000e+00]\n",
      " [ 0.00000000e+00  0.00000000e+00  0.00000000e+00  6.62215000e-01\n",
      "   0.00000000e+00]]\n",
      "f_jacob[4,4] = -0.662215\n",
      "\n",
      "P prior - in predict step =\n",
      "[[ 1.10197124e+00 -1.01971243e-01  1.74813120e-01 -1.74813120e-01\n",
      "  -5.62410452e-10]\n",
      " [-1.01971243e-01  1.10197124e+00 -1.74813120e-01  1.74813120e-01\n",
      "   5.62410472e-10]\n",
      " [ 1.74813120e-01 -1.74813120e-01  1.29968868e+00 -2.99688678e-01\n",
      "  -9.64161396e-10]\n",
      " [-1.74813120e-01  1.74813120e-01 -2.99688678e-01  1.29968868e+00\n",
      "   9.64161474e-10]\n",
      " [-5.62410431e-10  5.62410446e-10 -9.64161354e-10  9.64161437e-10\n",
      "   1.00000000e+00]]\n",
      "P_prior[4,4] = 1.299688676547121\n",
      "\n",
      "\n",
      "f_jacob =\n",
      "[[-2.42143734e-04  0.00000000e+00 -2.88829350e-01 -2.88829350e-01\n",
      "   0.00000000e+00]\n",
      " [ 2.42143734e-04 -2.66635000e-01  2.88829350e-01  2.88829350e-01\n",
      "   0.00000000e+00]\n",
      " [ 0.00000000e+00  2.66635000e-01 -5.00000000e-01  0.00000000e+00\n",
      "   0.00000000e+00]\n",
      " [ 0.00000000e+00  0.00000000e+00  5.00000000e-01 -6.62215000e-01\n",
      "   0.00000000e+00]\n",
      " [ 0.00000000e+00  0.00000000e+00  0.00000000e+00  6.62215000e-01\n",
      "   0.00000000e+00]]\n",
      "f_jacob[4,4] = -0.662215\n",
      "\n",
      "P prior - in predict step =\n",
      "[[ 1.10004931e+00 -1.00049308e-01  1.73197959e-01 -1.73197959e-01\n",
      "  -5.57214190e-10]\n",
      " [-1.00049308e-01  1.10004931e+00 -1.73197959e-01  1.73197959e-01\n",
      "   5.57214420e-10]\n",
      " [ 1.73197959e-01 -1.73197959e-01  1.29982749e+00 -2.99827491e-01\n",
      "  -9.64608208e-10]\n",
      " [-1.73197959e-01  1.73197959e-01 -2.99827491e-01  1.29982749e+00\n",
      "   9.64607977e-10]\n",
      " [-5.57214179e-10  5.57214405e-10 -9.64608184e-10  9.64607959e-10\n",
      "   1.00000000e+00]]\n",
      "P_prior[4,4] = 1.299827489732565\n",
      "\n",
      "\n",
      "f_jacob =\n",
      "[[-2.33249937e-04  0.00000000e+00 -2.86478420e-01 -2.86478420e-01\n",
      "   0.00000000e+00]\n",
      " [ 2.33249937e-04 -2.66635000e-01  2.86478420e-01  2.86478420e-01\n",
      "   0.00000000e+00]\n",
      " [ 0.00000000e+00  2.66635000e-01 -5.00000000e-01  0.00000000e+00\n",
      "   0.00000000e+00]\n",
      " [ 0.00000000e+00  0.00000000e+00  5.00000000e-01 -6.62215000e-01\n",
      "   0.00000000e+00]\n",
      " [ 0.00000000e+00  0.00000000e+00  0.00000000e+00  6.62215000e-01\n",
      "   0.00000000e+00]]\n",
      "f_jacob[4,4] = -0.662215\n",
      "\n",
      "P prior - in predict step =\n",
      "[[ 1.09847523e+00 -9.84752321e-02  1.71871989e-01 -1.71871989e-01\n",
      "  -5.52948238e-10]\n",
      " [-9.84752321e-02  1.09847523e+00 -1.71871989e-01  1.71871989e-01\n",
      "   5.52948228e-10]\n",
      " [ 1.71871989e-01 -1.71871989e-01  1.29997371e+00 -2.99973709e-01\n",
      "  -9.65078334e-10]\n",
      " [-1.71871989e-01  1.71871989e-01 -2.99973709e-01  1.29997371e+00\n",
      "   9.65078344e-10]\n",
      " [-5.52948227e-10  5.52948222e-10 -9.65078321e-10  9.65078326e-10\n",
      "   1.00000000e+00]]\n",
      "P_prior[4,4] = 1.2999737082127005\n",
      "\n",
      "\n",
      "f_jacob =\n",
      "[[-2.29372476e-04  0.00000000e+00 -2.84029534e-01 -2.84029534e-01\n",
      "   0.00000000e+00]\n",
      " [ 2.29372476e-04 -2.66635000e-01  2.84029534e-01  2.84029534e-01\n",
      "   0.00000000e+00]\n",
      " [ 0.00000000e+00  2.66635000e-01 -5.00000000e-01  0.00000000e+00\n",
      "   0.00000000e+00]\n",
      " [ 0.00000000e+00  0.00000000e+00  5.00000000e-01 -6.62215000e-01\n",
      "   0.00000000e+00]\n",
      " [ 0.00000000e+00  0.00000000e+00  0.00000000e+00  6.62215000e-01\n",
      "   0.00000000e+00]]\n",
      "f_jacob[4,4] = -0.662215\n",
      "\n",
      "P prior - in predict step =\n",
      "[[ 1.09683907e+00 -9.68390679e-02  1.70473588e-01 -1.70473587e-01\n",
      "  -5.48449307e-10]\n",
      " [-9.68390679e-02  1.09683907e+00 -1.70473588e-01  1.70473587e-01\n",
      "   5.48449312e-10]\n",
      " [ 1.70473588e-01 -1.70473588e-01  1.30009835e+00 -3.00098346e-01\n",
      "  -9.65479367e-10]\n",
      " [-1.70473587e-01  1.70473587e-01 -3.00098346e-01  1.30009835e+00\n",
      "   9.65479362e-10]\n",
      " [-5.48449318e-10  5.48449323e-10 -9.65479386e-10  9.65479381e-10\n",
      "   1.00000000e+00]]\n",
      "P_prior[4,4] = 1.300098345388185\n",
      "\n",
      "\n"
     ]
    },
    {
     "name": "stdout",
     "output_type": "stream",
     "text": [
      "f_jacob =\n",
      "[[-2.26658879e-04  0.00000000e+00 -2.81823280e-01 -2.81823280e-01\n",
      "   0.00000000e+00]\n",
      " [ 2.26658879e-04 -2.66635000e-01  2.81823280e-01  2.81823280e-01\n",
      "   0.00000000e+00]\n",
      " [ 0.00000000e+00  2.66635000e-01 -5.00000000e-01  0.00000000e+00\n",
      "   0.00000000e+00]\n",
      " [ 0.00000000e+00  0.00000000e+00  5.00000000e-01 -6.62215000e-01\n",
      "   0.00000000e+00]\n",
      " [ 0.00000000e+00  0.00000000e+00  0.00000000e+00  6.62215000e-01\n",
      "   0.00000000e+00]]\n",
      "f_jacob[4,4] = -0.662215\n",
      "\n",
      "P prior - in predict step =\n",
      "[[ 1.09538064e+00 -9.53806442e-02  1.69220662e-01 -1.69220661e-01\n",
      "  -5.44418397e-10]\n",
      " [-9.53806442e-02  1.09538064e+00 -1.69220662e-01  1.69220661e-01\n",
      "   5.44418402e-10]\n",
      " [ 1.69220662e-01 -1.69220662e-01  1.30022477e+00 -3.00224773e-01\n",
      "  -9.65886139e-10]\n",
      " [-1.69220661e-01  1.69220661e-01 -3.00224773e-01  1.30022477e+00\n",
      "   9.65886134e-10]\n",
      " [-5.44418397e-10  5.44418407e-10 -9.65886143e-10  9.65886134e-10\n",
      "   1.00000000e+00]]\n",
      "P_prior[4,4] = 1.3002247722171716\n",
      "\n",
      "\n",
      "f_jacob =\n",
      "[[-2.21124336e-04  0.00000000e+00 -2.80174436e-01 -2.80174436e-01\n",
      "   0.00000000e+00]\n",
      " [ 2.21124336e-04 -2.66635000e-01  2.80174436e-01  2.80174436e-01\n",
      "   0.00000000e+00]\n",
      " [ 0.00000000e+00  2.66635000e-01 -5.00000000e-01  0.00000000e+00\n",
      "   0.00000000e+00]\n",
      " [ 0.00000000e+00  0.00000000e+00  5.00000000e-01 -6.62215000e-01\n",
      "   0.00000000e+00]\n",
      " [ 0.00000000e+00  0.00000000e+00  0.00000000e+00  6.62215000e-01\n",
      "   0.00000000e+00]]\n",
      "f_jacob[4,4] = -0.662215\n",
      "\n",
      "P prior - in predict step =\n",
      "[[ 1.09430401e+00 -9.43040055e-02  1.68295164e-01 -1.68295163e-01\n",
      "  -5.41440871e-10]\n",
      " [-9.43040055e-02  1.09430401e+00 -1.68295164e-01  1.68295163e-01\n",
      "   5.41440866e-10]\n",
      " [ 1.68295164e-01 -1.68295164e-01  1.30033997e+00 -3.00339969e-01\n",
      "  -9.66256654e-10]\n",
      " [-1.68295163e-01  1.68295163e-01 -3.00339969e-01  1.30033997e+00\n",
      "   9.66256562e-10]\n",
      " [-5.41440871e-10  5.41440866e-10 -9.66256654e-10  9.66256562e-10\n",
      "   1.00000000e+00]]\n",
      "P_prior[4,4] = 1.3003399677555554\n",
      "\n",
      "\n",
      "f_jacob =\n",
      "[[-2.11402418e-04  0.00000000e+00 -2.79257432e-01 -2.79257432e-01\n",
      "   0.00000000e+00]\n",
      " [ 2.11402418e-04 -2.66635000e-01  2.79257432e-01  2.79257432e-01\n",
      "   0.00000000e+00]\n",
      " [ 0.00000000e+00  2.66635000e-01 -5.00000000e-01  0.00000000e+00\n",
      "   0.00000000e+00]\n",
      " [ 0.00000000e+00  0.00000000e+00  5.00000000e-01 -6.62215000e-01\n",
      "   0.00000000e+00]\n",
      " [ 0.00000000e+00  0.00000000e+00  0.00000000e+00  6.62215000e-01\n",
      "   0.00000000e+00]]\n",
      "f_jacob[4,4] = -0.662215\n",
      "\n",
      "P prior - in predict step =\n",
      "[[ 1.09371523e+00 -9.37152337e-02  1.67793625e-01 -1.67793624e-01\n",
      "  -5.39827299e-10]\n",
      " [-9.37152337e-02  1.09371523e+00 -1.67793625e-01  1.67793624e-01\n",
      "   5.39827294e-10]\n",
      " [ 1.67793625e-01 -1.67793625e-01  1.30042822e+00 -3.00428216e-01\n",
      "  -9.66540536e-10]\n",
      " [-1.67793624e-01  1.67793624e-01 -3.00428216e-01  1.30042822e+00\n",
      "   9.66540443e-10]\n",
      " [-5.39827319e-10  5.39827309e-10 -9.66540568e-10  9.66540480e-10\n",
      "   1.00000000e+00]]\n",
      "P_prior[4,4] = 1.3004282152060331\n",
      "\n",
      "\n",
      "f_jacob =\n",
      "[[-2.13251156e-04  0.00000000e+00 -2.77983195e-01 -2.77983195e-01\n",
      "   0.00000000e+00]\n",
      " [ 2.13251156e-04 -2.66635000e-01  2.77983195e-01  2.77983195e-01\n",
      "   0.00000000e+00]\n",
      " [ 0.00000000e+00  2.66635000e-01 -5.00000000e-01  0.00000000e+00\n",
      "   0.00000000e+00]\n",
      " [ 0.00000000e+00  0.00000000e+00  5.00000000e-01 -6.62215000e-01\n",
      "   0.00000000e+00]\n",
      " [ 0.00000000e+00  0.00000000e+00  0.00000000e+00  6.62215000e-01\n",
      "   0.00000000e+00]]\n",
      "f_jacob[4,4] = -0.662215\n",
      "\n",
      "P prior - in predict step =\n",
      "[[ 1.09287794e+00 -9.28779446e-02  1.67056761e-01 -1.67056761e-01\n",
      "  -5.37456616e-10]\n",
      " [-9.28779446e-02  1.09287794e+00 -1.67056761e-01  1.67056761e-01\n",
      "   5.37456469e-10]\n",
      " [ 1.67056761e-01 -1.67056761e-01  1.30047996e+00 -3.00479964e-01\n",
      "  -9.66706881e-10]\n",
      " [-1.67056761e-01  1.67056761e-01 -3.00479964e-01  1.30047996e+00\n",
      "   9.66707028e-10]\n",
      " [-5.37456626e-10  5.37456479e-10 -9.66706900e-10  9.66707047e-10\n",
      "   1.00000000e+00]]\n",
      "P_prior[4,4] = 1.3004799628138994\n",
      "\n",
      "\n",
      "f_jacob =\n",
      "[[-2.08059255e-04  0.00000000e+00 -2.77709071e-01 -2.77709071e-01\n",
      "   0.00000000e+00]\n",
      " [ 2.08059255e-04 -2.66635000e-01  2.77709071e-01  2.77709071e-01\n",
      "   0.00000000e+00]\n",
      " [ 0.00000000e+00  2.66635000e-01 -5.00000000e-01  0.00000000e+00\n",
      "   0.00000000e+00]\n",
      " [ 0.00000000e+00  0.00000000e+00  5.00000000e-01 -6.62215000e-01\n",
      "   0.00000000e+00]\n",
      " [ 0.00000000e+00  0.00000000e+00  0.00000000e+00  6.62215000e-01\n",
      "   0.00000000e+00]]\n",
      "f_jacob[4,4] = -0.662215\n",
      "\n",
      "P prior - in predict step =\n",
      "[[ 1.09271455e+00 -9.27145473e-02  1.66927473e-01 -1.66927473e-01\n",
      "  -5.37040745e-10]\n",
      " [-9.27145473e-02  1.09271455e+00 -1.66927473e-01  1.66927473e-01\n",
      "   5.37041293e-10]\n",
      " [ 1.66927473e-01 -1.66927473e-01  1.30054379e+00 -3.00543788e-01\n",
      "  -9.66913049e-10]\n",
      " [-1.66927473e-01  1.66927473e-01 -3.00543788e-01  1.30054379e+00\n",
      "   9.66912500e-10]\n",
      " [-5.37040745e-10  5.37041293e-10 -9.66913049e-10  9.66912500e-10\n",
      "   1.00000000e+00]]\n",
      "P_prior[4,4] = 1.3005437866872969\n",
      "\n",
      "\n",
      "f_jacob =\n",
      "[[-2.04251715e-04  0.00000000e+00 -2.77864070e-01 -2.77864070e-01\n",
      "   0.00000000e+00]\n",
      " [ 2.04251715e-04 -2.66635000e-01  2.77864070e-01  2.77864070e-01\n",
      "   0.00000000e+00]\n",
      " [ 0.00000000e+00  2.66635000e-01 -5.00000000e-01  0.00000000e+00\n",
      "   0.00000000e+00]\n",
      " [ 0.00000000e+00  0.00000000e+00  5.00000000e-01 -6.62215000e-01\n",
      "   0.00000000e+00]\n",
      " [ 0.00000000e+00  0.00000000e+00  0.00000000e+00  6.62215000e-01\n",
      "   0.00000000e+00]]\n",
      "f_jacob[4,4] = -0.662215\n",
      "\n",
      "P prior - in predict step =\n",
      "[[ 1.09282415e+00 -9.28241490e-02  1.67031579e-01 -1.67031579e-01\n",
      "  -5.37375622e-10]\n",
      " [-9.28241490e-02  1.09282415e+00 -1.67031579e-01  1.67031579e-01\n",
      "   5.37375627e-10]\n",
      " [ 1.67031579e-01 -1.67031579e-01  1.30056347e+00 -3.00563470e-01\n",
      "  -9.66975659e-10]\n",
      " [-1.67031579e-01  1.67031579e-01 -3.00563470e-01  1.30056347e+00\n",
      "   9.66975557e-10]\n",
      " [-5.37375612e-10  5.37375607e-10 -9.66975631e-10  9.66975539e-10\n",
      "   1.00000000e+00]]\n",
      "P_prior[4,4] = 1.300563469082184\n",
      "\n",
      "\n",
      "f_jacob =\n",
      "[[-2.04985339e-04  0.00000000e+00 -2.78212683e-01 -2.78212683e-01\n",
      "   0.00000000e+00]\n",
      " [ 2.04985339e-04 -2.66635000e-01  2.78212683e-01  2.78212683e-01\n",
      "   0.00000000e+00]\n",
      " [ 0.00000000e+00  2.66635000e-01 -5.00000000e-01  0.00000000e+00\n",
      "   0.00000000e+00]\n",
      " [ 0.00000000e+00  0.00000000e+00  5.00000000e-01 -6.62215000e-01\n",
